desc: I1 cache:         32768 B, 64 B, 8-way associative
desc: D1 cache:         32768 B, 64 B, 8-way associative
desc: LL cache:         4194304 B, 64 B, 16-way associative
cmd: ./determ.out example.txt 2
events: Ir I1mr ILmr Dr D1mr DLmr Dw D1mw DLmw 
fl=/build/buildd/eglibc-2.19/csu/../csu/init-first.c
fn=_init
52 8 1 1 0 0 0 4 0 0
58 4 1 1 1 1 0 1 1 1
65 5 1 1 4 2 0 0 0 0
70 1 0 0 0 0 0 1 1 1
71 1 0 0 0 0 0 1 0 0
72 2 0 0 1 1 0 1 1 1
86 4 0 0 0 0 0 1 0 0
94 1 0 0 0 0 0 1 0 0
99 6 0 0 5 0 0 0 0 0
fl=/build/buildd/eglibc-2.19/csu/../sysdeps/generic/dl-hash.h
fn=_init
43 1 0 0 0 0 0 0 0 0
44 1 0 0 0 0 0 0 0 0
45 13 0 0 4 1 0 0 0 0
48 12 0 0 0 0 0 0 0 0
49 8 0 0 0 0 0 0 0 0
62 8 0 0 0 0 0 0 0 0
67 1 1 1 0 0 0 0 0 0
fl=/build/buildd/eglibc-2.19/csu/../sysdeps/unix/sysv/linux/x86_64/init-first.c
fn=_init
38 7 1 1 0 0 0 4 0 0
40 4 0 0 0 0 0 1 0 0
41 2 0 0 0 0 0 0 0 0
42 2 1 1 0 0 0 0 0 0
43 2 1 1 1 0 0 0 0 0
44 1 0 0 0 0 0 1 1 0
46 3 0 0 0 0 0 1 0 0
50 3 0 0 0 0 0 0 0 0
51 2 0 0 1 0 0 0 0 0
52 1 0 0 0 0 0 1 0 0
fl=/build/buildd/eglibc-2.19/csu/../sysdeps/x86_64/multiarch/init-arch.c
fn=__init_cpu_features
31 7 1 1 0 0 0 4 0 0
37 3 0 0 0 0 0 0 0 0
38 3 0 0 0 0 0 0 0 0
39 2 0 0 0 0 0 0 0 0
45 1 0 0 0 0 0 1 0 0
54 3 1 1 0 0 0 1 0 0
57 6 0 0 0 0 0 0 0 0
59 3 0 0 0 0 0 0 0 0
65 3 0 0 0 0 0 0 0 0
66 2 1 1 0 0 0 0 0 0
71 2 0 0 0 0 0 0 0 0
74 12 1 1 0 0 0 0 0 0
101 2 1 1 0 0 0 0 0 0
123 1 0 0 1 1 1 0 0 0
127 1 1 1 0 0 0 0 0 0
152 2 1 1 1 0 0 0 0 0
153 7 0 0 0 0 0 4 0 0
160 3 0 0 1 0 0 0 0 0
164 2 0 0 0 0 0 0 0 0
166 3 1 1 0 0 0 0 0 0
170 2 1 1 0 0 0 0 0 0
171 1 0 0 1 0 0 0 0 0
173 2 0 0 0 0 0 0 0 0
176 2 0 0 1 0 0 0 0 0
184 6 1 1 0 0 0 0 0 0
185 5 0 0 0 0 0 0 0 0
186 2 0 0 0 0 0 0 0 0
189 1 0 0 0 0 0 1 0 0
190 1 0 0 0 0 0 1 0 0
192 1 0 0 0 0 0 1 0 0
193 2 0 0 2 0 0 0 0 0
fl=/build/buildd/eglibc-2.19/csu/libc-start.c
fn=(below main)
133 10 1 1 0 0 0 8 0 0
137 7 2 2 1 0 0 1 0 0
219 2 0 0 0 0 0 0 0 0
220 4 0 0 0 0 0 1 0 0
242 6 0 0 2 0 0 0 0 0
245 2 0 0 0 0 0 0 0 0
246 5 1 1 4 0 0 1 0 0
250 4 0 0 2 0 0 0 0 0
265 2 0 0 0 0 0 0 0 0
274 2 0 0 0 0 0 1 0 0
275 2 1 1 0 0 0 0 0 0
280 2 0 0 1 1 0 1 0 0
281 2 0 0 1 0 0 1 0 0
284 2 0 0 0 0 0 1 0 0
287 6 0 0 5 0 0 1 0 0
fl=/build/buildd/eglibc-2.19/ctype/ctype-info.c
fn=__ctype_init
31 21 1 1 15 9 0 3 0 0
33 12 0 0 6 1 0 3 0 0
35 15 1 1 9 2 0 3 0 0
fl=/build/buildd/eglibc-2.19/elf/../elf/dl-runtime.c
fn=_dl_fixup
66 130 1 1 0 0 0 78 2 1
68 26 0 0 26 0 0 0 0 0
69 52 0 0 52 10 0 0 0 0
72 130 1 1 52 14 0 0 0 0
73 182 0 0 52 23 0 26 0 0
74 78 0 0 52 6 0 0 0 0
79 52 0 0 0 0 0 0 0 0
83 52 1 1 26 23 16 0 0 0
87 78 0 0 26 7 0 0 0 0
91 52 0 0 52 16 0 0 0 0
92 104 0 0 26 5 0 0 0 0
94 104 0 0 26 7 0 0 0 0
100 21 0 0 0 0 0 0 0 0
101 78 1 1 26 2 0 0 0 0
103 5 0 0 0 0 0 5 0 0
104 10 0 0 0 0 0 0 0 0
108 52 0 0 26 7 1 26 0 0
111 260 1 1 52 7 0 78 2 0
115 78 0 0 26 0 0 0 0 0
116 20 1 1 10 0 0 0 0 0
119 104 0 0 26 0 0 26 0 0
125 156 1 1 52 0 0 0 0 0
133 26 0 0 26 0 0 0 0 0
141 104 0 0 26 0 0 0 0 0
145 78 0 0 26 4 0 0 0 0
149 130 0 0 104 0 0 0 0 0
fl=/build/buildd/eglibc-2.19/elf/../elf/dl-sysdep.c
fn=_dl_sysdep_start
86 8 1 1 0 0 0 7 1 1
87 2 0 0 0 0 0 0 0 0
88 1 0 0 0 0 0 0 0 0
110 1 0 0 0 0 0 1 0 0
111 234 1 1 76 10 10 4 3 3
114 2 0 0 0 0 0 1 0 0
115 1 0 0 0 0 0 1 1 1
117 90 4 4 23 5 5 10 0 0
118 111 0 0 21 3 3 0 0 0
121 1 0 0 1 0 0 0 0 0
122 1 0 0 0 0 0 0 0 0
124 1 0 0 1 0 0 0 0 0
125 1 0 0 0 0 0 0 0 0
127 1 1 1 1 0 0 0 0 0
128 1 0 0 0 0 0 0 0 0
130 1 0 0 1 0 0 0 0 0
131 1 0 0 0 0 0 0 0 0
151 1 1 1 1 0 0 0 0 0
152 1 0 0 0 0 0 0 0 0
154 1 0 0 1 0 0 0 0 0
155 1 0 0 0 0 0 0 0 0
157 1 1 1 1 0 0 0 0 0
158 1 0 0 0 0 0 0 0 0
163 1 0 0 1 0 0 0 0 0
164 1 0 0 0 0 0 0 0 0
179 1 0 0 1 0 0 0 0 0
180 1 0 0 0 0 0 0 0 0
232 3 1 1 0 0 0 2 0 0
234 5 0 0 0 0 0 1 0 0
246 3 1 1 1 0 0 0 0 0
249 6 0 0 2 0 0 1 0 0
250 1 0 0 1 0 0 0 0 0
251 8 0 0 7 1 0 0 0 0
fn=_dl_sysdep_start_cleanup
256 1 1 1 1 0 0 0 0 0
fl=/build/buildd/eglibc-2.19/elf/../misc/sbrk.c
fn=sbrk
34 4 1 1 0 0 0 2 0 0
42 6 0 0 2 0 0 0 0 0
46 2 1 1 0 0 0 0 0 0
57 5 0 0 3 0 0 0 0 0
fl=/build/buildd/eglibc-2.19/elf/../sysdeps/unix/sysv/linux/dl-osinfo.h
fn=security_init
61 2 0 0 0 0 0 0 0 0
84 2 1 1 1 0 0 1 0 0
86 1 1 1 1 0 0 0 0 0
93 1 0 0 1 0 0 0 0 0
101 2 0 0 0 0 0 0 0 0
112 1 0 0 1 0 0 0 0 0
fl=/build/buildd/eglibc-2.19/elf/../sysdeps/unix/sysv/linux/dl-sysdep.c
fn=_dl_discover_osversion
45 7 1 1 0 0 0 6 0 0
47 3 0 0 1 0 0 0 0 0
87 5 1 1 0 0 0 1 1 1
102 1 0 0 0 0 0 0 0 0
106 1 0 0 0 0 0 0 0 0
107 1 0 0 0 0 0 0 0 0
109 12 1 1 3 1 1 0 0 0
111 6 0 0 0 0 0 0 0 0
113 17 0 0 4 0 0 0 0 0
115 1 0 0 0 0 0 0 0 0
116 2 0 0 0 0 0 0 0 0
119 3 0 0 0 0 0 0 0 0
120 3 0 0 0 0 0 0 0 0
121 3 0 0 0 0 0 0 0 0
123 13 1 1 0 0 0 0 0 0
128 2 0 0 0 0 0 0 0 0
132 8 0 0 7 0 0 0 0 0
fn=_dl_sysdep_start
35 2 0 0 0 0 0 1 0 0
fl=/build/buildd/eglibc-2.19/elf/../sysdeps/unix/sysv/linux/dl-vdso.c
fn=_dl_vdso_vsym
26 5 0 0 0 0 0 0 0 0
27 10 2 1 10 2 0 0 0 0
28 10 2 1 5 0 0 0 0 0
31 10 0 0 0 0 0 0 0 0
fl=/build/buildd/eglibc-2.19/elf/../sysdeps/unix/sysv/linux/x86_64/brk.c
fn=brk
28 1 0 0 0 0 0 0 0 0
31 7 1 1 0 0 0 1 1 1
33 2 0 0 0 0 0 0 0 0
39 1 0 0 0 0 0 0 0 0
40 1 0 0 1 0 0 0 0 0
fl=/build/buildd/eglibc-2.19/elf/../sysdeps/x86_64/dl-irel.h
fn=_dl_fixup
32 6 1 1 0 0 0 2 0 0
fl=/build/buildd/eglibc-2.19/elf/../sysdeps/x86_64/dl-machine.h
fn=_dl_fixup
210 26 0 0 0 0 0 26 0 0
fn=_dl_relocate_object
71 20 1 1 5 0 0 0 0 0
77 8 1 1 8 3 0 0 0 0
81 12 0 0 4 4 3 0 0 0
87 4 0 0 0 0 0 4 0 0
95 12 1 1 4 0 0 0 0 0
108 8 0 0 0 0 0 4 0 0
111 16 0 0 4 3 0 0 0 0
244 228 0 0 0 0 0 0 0 0
265 228 1 1 0 0 0 0 0 0
269 228 0 0 0 0 0 0 0 0
276 4608 10 10 916 97 84 811 4 0
278 519 0 0 210 0 0 0 0 0
281 420 1 1 105 0 0 0 0 0
287 798 0 0 114 4 3 0 0 0
320 4 0 0 0 0 0 0 0 0
321 6 1 1 2 0 0 2 0 0
328 3 0 0 1 0 0 0 0 0
330 2 0 0 2 0 0 0 0 0
339 2 0 0 0 0 0 1 0 0
382 36 1 1 12 0 0 0 0 0
386 60 0 0 12 1 0 0 0 0
391 60 1 1 24 1 1 12 8 8
410 294 1 1 98 12 11 98 12 8
422 24 1 1 0 0 0 8 1 0
449 3 0 0 1 0 0 0 0 0
453 6 1 1 3 0 0 1 0 0
455 3 0 0 2 0 0 0 0 0
456 1 0 0 0 0 0 0 0 0
487 3768 0 0 1256 314 314 0 0 0
492 2512 1 1 0 0 0 0 0 0
493 3768 0 0 1256 158 158 1256 238 235
503 221 0 0 113 0 0 0 0 0
507 216 0 0 0 0 0 0 0 0
509 324 0 0 108 0 0 0 0 0
510 108 0 0 108 13 12 0 0 0
527 10 0 0 10 0 0 0 0 0
529 5 0 0 0 0 0 5 0 0
530 5 0 0 0 0 0 5 0 0
fn=_dl_start
58 3 0 0 1 1 1 0 0 0
241 9 0 0 0 0 0 0 0 0
269 18 0 0 0 0 0 0 0 0
278 36 0 0 18 2 2 0 0 0
281 36 0 0 9 5 5 0 0 0
287 55 0 0 9 2 2 0 0 0
391 9 1 1 9 1 1 0 0 0
400 9 0 0 0 0 0 9 2 2
492 20 0 0 10 1 1 0 0 0
493 30 0 0 10 1 1 10 2 2
fn=_dl_sysdep_start
200 5 0 0 2 1 1 0 0 0
fl=/build/buildd/eglibc-2.19/elf/../sysdeps/x86_64/dl-trampoline.S
fn=_dl_runtime_resolve
34 26 1 1 0 0 0 0 0 0
36 26 0 0 0 0 0 26 2 1
37 26 0 0 0 0 0 26 0 0
38 26 0 0 0 0 0 26 0 0
39 26 0 0 0 0 0 26 0 0
40 26 0 0 0 0 0 26 0 0
41 26 1 1 0 0 0 26 0 0
42 26 0 0 0 0 0 26 0 0
43 26 0 0 26 0 0 0 0 0
44 26 0 0 26 0 0 0 0 0
45 26 0 0 0 0 0 26 1 0
46 26 0 0 0 0 0 0 0 0
47 26 0 0 26 0 0 0 0 0
48 26 0 0 26 0 0 0 0 0
49 26 0 0 26 0 0 0 0 0
50 26 0 0 26 0 0 0 0 0
51 26 0 0 26 0 0 0 0 0
52 26 0 0 26 0 0 0 0 0
53 26 0 0 26 0 0 0 0 0
54 26 0 0 0 0 0 0 0 0
56 26 1 1 0 0 0 0 0 0
fl=/build/buildd/eglibc-2.19/elf/dl-addr.c
fn=_dl_addr
30 2 0 0 1 0 0 1 0 0
31 2 0 0 1 0 0 1 0 0
34 2 0 0 1 0 0 0 0 0
38 1 0 0 1 0 0 0 0 0
39 1 0 0 1 0 0 0 0 0
40 3 1 1 2 0 0 1 0 0
42 2 0 0 2 0 0 0 0 0
45 2 0 0 1 1 0 0 0 0
50 2029 0 0 2 0 0 0 0 0
52 1011 1 1 1011 58 18 0 0 0
53 2022 0 0 0 0 0 0 0 0
55 4927 0 0 905 0 0 0 0 0
61 11060 0 0 2212 472 423 0 0 0
63 8848 1 1 2212 0 0 0 0 0
64 16231 0 0 5080 354 321 0 0 0
69 2212 0 0 0 0 0 0 0 0
71 7647 1 1 2212 133 78 0 0 0
99 3 0 0 1 1 0 0 0 0
100 1 0 0 0 0 0 1 1 0
101 3 1 1 1 0 0 0 0 0
104 2 0 0 0 0 0 0 0 0
116 1 1 1 0 0 0 1 1 0
117 1 0 0 0 0 0 1 0 0
126 11 1 1 0 0 0 8 0 0
131 3 1 1 2 0 0 1 0 0
133 2 0 0 0 0 0 1 0 0
135 2 0 0 0 0 0 0 0 0
138 2 1 1 0 0 0 0 0 0
141 3 0 0 2 2 0 1 1 0
144 9 1 1 7 0 0 0 0 0
fl=/build/buildd/eglibc-2.19/elf/dl-altinit.c
fn=dlinit_alt
33 3 0 0 2 0 0 0 0 0
34 1 0 0 1 0 0 0 0 0
fl=/build/buildd/eglibc-2.19/elf/dl-cache.c
fn=_dl_cache_libcmp
138 60 1 1 40 18 18 0 0 0
139 258 0 0 0 0 0 0 0 0
141 372 0 0 0 0 0 0 0 0
143 134 0 0 0 0 0 0 0 0
149 15 1 1 0 0 0 0 0 0
150 10 0 0 0 0 0 0 0 0
151 20 0 0 5 0 0 0 0 0
153 25 1 1 5 0 0 0 0 0
155 10 0 0 0 0 0 0 0 0
161 238 1 1 0 0 0 0 0 0
163 446 0 0 208 1 1 0 0 0
164 15 0 0 0 0 0 0 0 0
167 104 0 0 0 0 0 0 0 0
168 104 0 0 0 0 0 0 0 0
171 10 0 0 0 0 0 0 0 0
172 40 0 0 20 0 0 0 0 0
fn=_dl_load_cache_lookup
182 16 1 1 0 0 0 12 0 0
190 4 0 0 2 0 0 0 0 0
193 6 0 0 2 0 0 0 0 0
196 5 1 1 0 0 0 1 0 0
204 5 0 0 1 0 0 0 0 0
205 6 1 1 0 0 0 1 0 0
209 1 0 0 0 0 0 1 0 0
212 4 0 0 1 0 0 0 0 0
215 2 0 0 0 0 0 1 0 0
216 3 0 0 0 0 0 0 0 0
217 5 1 1 0 0 0 1 0 0
219 2 0 0 0 0 0 0 0 0
238 4 0 0 1 0 0 0 0 0
244 6 1 1 2 0 0 0 0 0
253 10 0 0 4 0 0 2 0 0
259 8 0 0 0 0 0 4 0 0
263 14 1 1 4 0 0 4 0 0
264 12 0 0 6 0 0 0 0 0
278 468 9 9 67 15 15 24 0 0
294 4 1 1 2 0 0 0 0 0
299 18 0 0 14 0 0 0 0 0
fn=_dl_unload_cache
308 1 0 0 0 0 0 0 0 0
309 4 1 1 1 1 0 0 0 0
311 2 0 0 1 1 0 1 0 0
312 1 0 0 0 0 0 1 0 0
314 2 0 0 1 0 0 0 0 0
fl=/build/buildd/eglibc-2.19/elf/dl-debug.c
fn=_dl_debug_initialize
50 10 1 1 0 0 0 0 0 0
51 5 1 1 5 0 0 0 0 0
55 18 0 0 5 1 0 0 0 0
58 1 0 0 0 0 0 1 0 0
59 2 0 0 0 0 0 1 0 0
60 6 0 0 2 0 0 1 0 0
61 2 0 0 0 0 0 1 0 0
fn=_dl_debug_state
74 2 1 1 2 0 0 0 0 0
fl=/build/buildd/eglibc-2.19/elf/dl-deps.c
fn=_dl_map_object_deps
147 11 2 2 0 0 0 9 0 0
148 9 0 0 0 0 0 1 0 0
160 6 0 0 0 0 0 2 0 0
161 2 0 0 0 0 0 2 0 0
162 10 0 0 0 0 0 3 0 0
164 1 0 0 0 0 0 0 0 0
168 8 1 1 2 0 0 2 0 0
178 8 1 1 1 0 0 0 0 0
179 1 0 0 1 0 0 0 0 0
182 3 1 1 0 0 0 2 0 0
188 1 0 0 0 0 0 1 0 0
189 1 0 0 0 0 0 1 0 0
201 2 0 0 1 0 0 1 0 0
202 1 0 0 0 0 0 0 0 0
203 1 0 0 0 0 0 1 0 0
204 2 0 0 0 0 0 2 0 0
209 5 0 0 0 0 0 0 0 0
210 5 1 1 0 0 0 0 0 0
213 5 0 0 0 0 0 5 0 0
217 20 1 1 10 0 0 0 0 0
218 22 1 1 9 0 0 0 0 0
220 3 0 0 0 0 0 0 0 0
222 9 0 0 6 0 0 0 0 0
224 26 1 1 2 0 0 4 0 0
229 18 1 1 9 0 0 0 0 0
231 9 0 0 6 0 0 3 0 0
236 3 0 0 0 0 0 3 0 0
237 3 0 0 0 0 0 3 0 0
238 6 0 0 3 0 0 3 0 0
239 6 0 0 3 0 0 3 0 0
242 337 0 0 88 1 0 3 0 0
243 158 0 0 0 0 0 0 0 0
249 35 1 1 10 0 0 5 0 0
251 5 0 0 0 0 0 5 0 0
254 30 1 1 20 0 0 5 0 0
256 15 0 0 5 0 0 0 0 0
271 5 0 0 5 0 0 0 0 0
273 10 0 0 5 0 0 0 0 0
278 9 0 0 0 0 0 0 0 0
281 3 0 0 0 0 0 3 0 0
282 3 1 1 0 0 0 3 0 0
283 3 0 0 0 0 0 3 0 0
284 6 0 0 3 0 0 3 0 0
286 12 0 0 3 0 0 3 0 0
288 15 0 0 3 0 0 6 0 0
292 10 0 0 0 0 0 0 0 0
293 9 0 0 0 0 0 3 0 0
295 222 1 1 0 0 0 0 0 0
343 9 1 1 0 0 0 4 0 0
471 10 1 1 0 0 0 0 0 0
473 9 0 0 0 0 0 3 0 0
475 6 0 0 0 0 0 3 0 0
476 6 0 0 0 0 0 0 0 0
477 6 1 1 0 0 0 0 0 0
480 3 0 0 0 0 0 3 1 1
481 18 0 0 0 0 0 3 0 0
482 15 0 0 0 0 0 3 0 0
485 3 0 0 0 0 0 3 0 0
486 3 0 0 3 0 0 0 0 0
490 20 1 1 10 0 0 0 0 0
492 5 0 0 5 0 0 0 0 0
493 22 0 0 4 0 0 0 0 0
497 6 1 1 2 0 0 0 0 0
498 2 0 0 1 0 0 1 0 0
501 5 0 0 2 0 0 1 0 0
511 2 0 0 0 0 0 1 0 0
512 3 1 1 1 0 0 0 0 0
514 2 0 0 0 0 0 0 0 0
519 7 1 1 2 0 0 1 0 0
520 4 0 0 1 0 0 1 0 0
522 28 0 0 11 0 0 1 0 0
528 15 1 1 5 0 0 5 2 2
532 10 0 0 10 0 0 0 0 0
535 2 0 0 1 0 0 0 0 0
586 6 1 1 3 0 0 1 0 0
587 1 0 0 0 0 0 1 0 0
588 3 0 0 1 0 0 0 0 0
623 7 1 1 1 0 0 2 0 0
625 3 0 0 0 0 0 0 0 0
629 19 0 0 8 0 0 3 0 0
630 8 1 1 0 0 0 2 0 0
631 3 1 1 1 0 0 1 0 0
635 4 0 0 4 0 0 0 0 0
636 8 0 0 4 0 0 0 0 0
642 27 1 1 4 0 0 0 0 0
644 24 0 0 12 0 0 0 0 0
645 15 0 0 0 0 0 0 0 0
647 30 0 0 10 0 0 0 0 0
648 21 0 0 0 0 0 0 0 0
658 2 1 1 2 0 0 0 0 0
670 6 1 1 0 0 0 0 0 0
673 12 0 0 4 0 0 0 0 0
676 51 0 0 13 0 0 13 0 0
683 2 1 1 1 0 0 1 0 0
685 2 0 0 1 0 0 1 0 0
686 1 0 0 1 0 0 0 0 0
687 3 0 0 1 0 0 0 0 0
694 3 0 0 1 0 0 0 0 0
697 2 0 0 0 0 0 0 0 0
700 8 0 0 7 0 0 0 0 0
fn=openaux
60 10 1 1 0 0 0 5 0 0
63 50 1 1 20 0 0 10 0 0
64 10 0 0 5 0 0 0 0 0
67 5 0 0 5 0 0 0 0 0
68 10 0 0 10 0 0 0 0 0
fl=/build/buildd/eglibc-2.19/elf/dl-environ.c
fn=_dl_next_ld_env_entry
30 3 1 1 3 0 0 0 0 0
31 1 0 0 0 0 0 0 0 0
33 227 0 0 75 0 0 0 0 0
35 148 0 0 74 34 34 0 0 0
36 40 1 1 19 1 1 0 0 0
38 2 0 0 0 0 0 0 0 0
41 4 0 0 0 0 0 2 0 0
43 2 0 0 2 0 0 0 0 0
46 72 0 0 0 0 0 0 0 0
50 1 0 0 1 0 0 0 0 0
fl=/build/buildd/eglibc-2.19/elf/dl-error.c
fn=_dl_catch_error
163 24 1 1 0 0 0 18 0 0
175 12 0 0 0 0 0 12 3 3
176 12 0 0 0 0 0 12 0 0
177 12 0 0 0 0 0 12 0 0
178 12 0 0 0 0 0 6 0 0
180 12 0 0 6 0 0 12 2 2
181 12 0 0 6 0 0 6 0 0
182 12 1 1 0 0 0 6 0 0
185 36 0 0 0 0 0 6 0 0
187 18 0 0 12 0 0 6 0 0
188 18 0 0 12 0 0 6 0 0
189 12 0 0 6 0 0 6 0 0
190 12 1 1 6 0 0 6 0 0
191 12 0 0 6 0 0 6 0 0
199 24 0 0 12 0 0 0 0 0
fn=_dl_receive_error
205 10 1 1 0 0 0 6 0 0
206 2 0 0 1 0 0 1 0 0
210 1 0 0 1 0 0 0 0 0
211 1 0 0 1 0 0 0 0 0
214 1 0 0 0 0 0 1 0 0
215 1 0 0 0 0 0 1 0 0
217 2 0 0 0 0 0 1 0 0
219 1 1 1 0 0 0 1 0 0
220 1 0 0 0 0 0 1 0 0
221 8 0 0 7 0 0 0 0 0
fl=/build/buildd/eglibc-2.19/elf/dl-hwcaps.c
fn=_dl_important_hwcaps
39 12 1 1 0 0 0 10 2 2
41 1 0 0 1 0 0 0 0 0
42 4 0 0 0 0 0 1 0 0
51 3 1 1 1 0 0 0 0 0
61 4 1 1 1 0 0 1 0 0
92 2 1 1 0 0 0 0 0 0
113 1 1 1 0 0 0 0 0 0
115 5 0 0 0 0 0 1 0 0
130 6 0 0 0 0 0 0 0 0
131 2 0 0 0 0 0 0 0 0
133 2 0 0 0 0 0 0 0 0
145 2 1 1 0 0 0 0 0 0
162 2 1 1 0 0 0 0 0 0
170 2 1 1 1 0 0 0 0 0
172 4 0 0 1 0 0 1 0 0
173 4 1 1 1 0 0 1 0 0
177 3 0 0 0 0 0 1 0 0
178 1 0 0 0 0 0 1 0 0
181 2 0 0 0 0 0 0 0 0
184 2 0 0 0 0 0 0 0 0
188 12 1 1 2 0 0 3 0 0
189 2 0 0 0 0 0 0 0 0
207 12 2 2 1 0 0 6 0 0
208 5 0 0 0 0 0 1 1 1
209 4 0 0 2 0 0 0 0 0
238 3 0 0 0 0 0 2 0 0
241 2 0 0 0 0 0 0 0 0
243 5 2 2 2 0 0 2 0 0
244 7 0 0 2 0 0 4 0 0
269 19 2 2 3 0 0 0 0 0
270 8 0 0 0 0 0 4 0 0
274 12 0 0 0 0 0 0 0 0
277 28 0 0 0 0 0 0 0 0
278 24 1 1 0 0 0 0 0 0
279 12 0 0 8 0 0 0 0 0
281 4 0 0 0 0 0 0 0 0
284 3 0 0 1 0 0 0 0 0
285 1 0 0 0 0 0 0 0 0
286 12 2 2 3 0 0 0 0 0
299 6 0 0 2 0 0 2 0 0
300 2 0 0 0 0 0 0 0 0
302 4 0 0 0 0 0 0 0 0
305 3 0 0 2 0 0 1 0 0
307 1 0 0 0 0 0 0 0 0
308 8 0 0 7 0 0 0 0 0
fl=/build/buildd/eglibc-2.19/elf/dl-init.c
fn=_dl_init
36 33 2 2 6 0 0 5 0 0
86 11 2 2 0 0 0 6 0 0
87 1 0 0 1 1 0 0 0 0
88 1 0 0 1 0 0 0 0 0
91 3 0 0 1 0 0 0 0 0
94 2 0 0 0 0 0 1 0 0
98 4 0 0 1 0 0 0 0 0
125 18 0 0 0 0 0 0 0 0
126 15 0 0 10 0 0 0 0 0
132 8 0 0 7 0 0 0 0 0
fn=call_init.part.0
34 45 0 0 0 0 0 25 1 0
42 15 1 1 5 0 0 5 0 0
45 20 0 0 10 1 0 0 0 0
46 3 0 0 0 0 0 0 0 0
50 12 0 0 4 3 0 0 0 0
51 2 0 0 1 1 0 0 0 0
55 6 0 0 3 0 0 0 0 0
63 6 0 0 0 0 0 0 0 0
64 18 0 0 6 3 0 3 0 0
67 3 1 1 3 2 0 0 0 0
68 6 0 0 0 0 0 0 0 0
74 9 0 0 6 1 0 0 0 0
76 6 0 0 6 0 0 0 0 0
77 25 1 1 0 0 0 0 0 0
78 25 0 0 5 1 0 5 0 0
80 30 0 0 30 0 0 0 0 0
fl=/build/buildd/eglibc-2.19/elf/dl-load.c
fn=_dl_init_paths
714 9 1 1 0 0 0 6 0 0
727 6 1 1 2 0 0 2 0 0
731 1 0 0 0 0 0 1 0 0
732 3 0 0 0 0 0 1 0 0
733 2 0 0 0 0 0 0 0 0
740 5 1 1 0 0 0 0 0 0
741 5 0 0 1 0 0 2 0 0
744 1 0 0 0 0 0 1 0 0
745 2 0 0 0 0 0 1 0 0
747 3 0 0 1 0 0 0 0 0
753 1 0 0 0 0 0 1 0 0
754 1 0 0 0 0 0 1 0 0
762 13 0 0 0 0 0 3 1 1
764 8 1 1 0 0 0 4 0 0
765 7 1 1 0 0 0 4 3 3
767 8 0 0 0 0 0 4 0 0
768 14 0 0 3 1 1 4 1 1
769 33 0 0 4 0 0 13 0 0
772 9 1 1 3 1 1 0 0 0
776 27 1 1 15 0 0 5 0 0
782 1 1 1 0 0 0 1 1 1
783 1 0 0 0 0 0 1 0 0
787 1 1 1 1 0 0 0 0 0
788 2 0 0 0 0 0 0 0 0
790 4 0 0 1 0 0 0 0 0
792 3 0 0 1 0 0 0 0 0
809 1 0 0 0 0 0 1 0 0
811 3 1 1 1 0 0 0 0 0
825 2 1 1 0 0 0 1 0 0
830 4 2 2 1 0 0 0 0 0
838 5 0 0 0 0 0 1 0 0
840 11 1 1 0 0 0 2 0 0
856 2 0 0 0 0 0 0 0 0
857 46 1 1 15 0 0 0 0 0
859 14 0 0 0 0 0 0 0 0
860 42 0 0 0 0 0 0 0 0
861 14 0 0 0 0 0 0 0 0
864 1 0 0 0 0 0 1 0 0
865 1 0 0 0 0 0 1 0 0
866 2 0 0 0 0 0 0 0 0
872 8 0 0 1 0 0 2 0 0
876 3 1 1 2 0 0 0 0 0
882 1 0 0 0 0 0 1 0 0
886 8 0 0 7 0 0 0 0 0
fn=_dl_map_object
161 8 0 0 0 0 0 4 0 0
162 4 0 0 0 0 0 2 0 0
164 6 0 0 2 0 0 0 0 0
167 8 1 1 2 0 0 2 0 0
691 18 1 1 6 0 0 0 0 0
2317 60 2 2 0 0 0 48 4 4
2324 12 0 0 0 0 0 0 0 0
2325 12 0 0 6 1 1 0 0 0
2328 99 1 1 21 0 0 0 0 0
2333 54 0 0 18 0 0 0 0 0
2334 36 0 0 0 0 0 0 0 0
2336 93 0 0 0 0 0 18 0 0
2340 30 0 0 15 0 0 0 0 0
2341 45 1 1 15 0 0 0 0 0
2344 6 0 0 6 0 0 0 0 0
2345 12 0 0 12 0 0 0 0 0
2346 24 1 1 0 0 0 6 0 0
2362 6 1 1 3 0 0 0 0 0
2372 18 1 1 3 0 0 3 0 0
2396 3 0 0 0 0 0 3 1 1
2398 15 0 0 0 0 0 3 0 0
2402 8 1 1 0 0 0 4 0 0
2404 4 0 0 2 0 0 0 0 0
2411 8 1 1 2 0 0 0 0 0
2415 4 1 1 2 0 0 2 0 0
2416 6 0 0 0 0 0 2 0 0
2420 6 1 1 2 0 0 0 0 0
2421 2 0 0 0 0 0 0 0 0
2423 22 1 1 0 0 0 8 0 0
2435 8 1 1 6 0 0 0 0 0
2436 14 1 1 4 0 0 0 0 0
2437 2 1 1 0 0 0 0 0 0
2446 4 0 0 2 0 0 0 0 0
2447 36 1 1 4 0 0 8 0 0
2453 12 0 0 0 0 0 4 0 0
2454 2 1 1 0 0 0 0 0 0
2456 4 1 1 2 0 0 2 0 0
2462 8 0 0 0 0 0 2 0 0
2464 6 0 0 2 0 0 0 0 0
2468 6 0 0 0 0 0 4 0 0
2470 4 0 0 0 0 0 0 0 0
2474 6 1 1 2 0 0 0 0 0
2482 4 0 0 2 0 0 0 0 0
2504 18 1 1 4 0 0 2 0 0
2507 6 0 0 0 0 0 2 0 0
2509 2 0 0 0 0 0 2 0 0
2510 6 0 0 2 0 0 0 0 0
2530 4 1 1 2 0 0 0 0 0
2536 1 0 0 0 0 0 1 0 0
2538 6 0 0 0 0 0 1 0 0
2539 3 1 1 0 0 0 0 0 0
2540 1 0 0 0 0 0 0 0 0
2543 7 0 0 0 0 0 1 0 0
2546 2 0 0 0 0 0 0 0 0
2558 12 0 0 3 0 0 0 0 0
2560 6 1 1 0 0 0 0 0 0
2604 6 0 0 3 0 0 3 0 0
2605 36 1 1 6 0 0 12 0 0
2607 48 0 0 42 0 0 0 0 0
fn=_dl_map_object_from_fd
474 2 1 1 1 0 0 0 0 0
923 45 1 1 0 0 0 30 1 1
934 12 1 1 3 0 0 6 1 1
935 3 0 0 0 0 0 3 0 0
938 18 0 0 0 0 0 3 0 0
949 48 1 1 15 0 0 0 0 0
950 45 0 0 24 2 2 0 0 0
967 6 1 1 3 0 0 0 0 0
992 6 0 0 3 0 0 0 0 0
1002 6 1 1 3 0 0 0 0 0
1024 12 0 0 6 0 0 0 0 0
1056 6 0 0 0 0 0 0 0 0
1059 24 1 1 12 0 0 3 0 0
1060 6 0 0 0 0 0 0 0 0
1071 9 0 0 6 0 0 3 3 3
1072 9 0 0 6 0 0 3 0 0
1073 6 1 1 3 0 0 3 0 0
1075 15 0 0 0 0 0 0 0 0
1076 12 0 0 6 0 0 0 0 0
1077 3 0 0 0 0 0 0 0 0
1092 3 1 1 0 0 0 3 0 0
1101 36 1 1 6 0 0 9 0 0
1102 3 0 0 0 0 0 0 0 0
1103 3 0 0 0 0 0 0 0 0
1109 217 0 0 0 0 0 0 0 0
1110 205 2 2 26 0 0 0 0 0
1116 6 0 0 3 0 0 3 0 0
1117 9 0 0 3 0 0 3 0 0
1118 3 0 0 0 0 0 0 0 0
1121 4 0 0 2 0 0 2 0 0
1122 2 0 0 0 0 0 0 0 0
1127 30 2 2 12 0 0 0 0 0
1133 36 0 0 12 0 0 0 0 0
1134 6 0 0 0 0 0 0 0 0
1141 30 0 0 6 0 0 0 0 0
1142 24 0 0 0 0 0 6 3 3
1143 18 0 0 6 0 0 0 0 0
1144 12 0 0 0 0 0 6 1 1
1145 6 0 0 0 0 0 6 0 0
1146 12 1 1 6 0 0 6 0 0
1147 12 0 0 0 0 0 6 0 0
1151 12 0 0 0 0 0 0 0 0
1152 9 0 0 3 0 0 0 0 0
1157 42 1 1 6 0 0 6 1 1
1167 6 0 0 0 0 0 0 0 0
1170 3 0 0 1 0 0 0 0 0
1174 1 0 0 0 0 0 1 1 1
1175 2 1 1 1 0 0 1 0 0
1176 2 0 0 0 0 0 0 0 0
1177 1 0 0 0 0 0 0 0 0
1179 3 0 0 1 0 0 1 0 0
1180 2 0 0 1 0 0 1 0 0
1183 2 0 0 1 0 0 1 0 0
1187 4 0 0 1 0 0 0 0 0
1193 3 0 0 1 0 0 2 1 1
1194 1 0 0 0 0 0 0 0 0
1198 12 0 0 3 0 0 3 0 0
1206 15 0 0 0 0 0 0 0 0
1250 6 1 1 3 0 0 3 0 0
1251 12 0 0 0 0 0 0 0 0
1254 6 1 1 3 0 0 3 1 1
1255 9 0 0 6 0 0 3 0 0
1256 3 0 0 0 0 0 0 0 0
1259 9 0 0 0 0 0 0 0 0
1272 24 1 1 15 0 0 3 0 0
1274 6 0 0 3 0 0 0 0 0
1288 3 0 0 3 0 0 0 0 0
1293 21 1 1 12 0 0 6 2 2
1297 6 0 0 0 0 0 0 0 0
1304 9 0 0 3 0 0 3 0 0
1305 9 1 1 6 0 0 3 0 0
1307 6 0 0 0 0 0 0 0 0
1313 18 0 0 3 0 0 3 0 0
1314 3 1 1 3 0 0 0 0 0
1317 3 0 0 3 0 0 0 0 0
1319 3 0 0 3 0 0 0 0 0
1340 30 0 0 6 0 0 0 0 0
1342 12 1 1 6 0 0 0 0 0
1344 30 0 0 12 0 0 3 0 0
1352 18 0 0 6 0 0 0 0 0
1353 9 1 1 6 0 0 3 0 0
1355 12 0 0 6 0 0 0 0 0
1356 5 1 1 3 0 0 0 0 0
1357 6 0 0 2 0 0 0 0 0
1358 5 1 1 1 0 0 0 0 0
1360 4 0 0 0 0 0 1 0 0
1363 24 0 0 12 0 0 0 0 0
1369 6 0 0 3 0 0 0 0 0
1370 3 0 0 0 0 0 0 0 0
1371 15 0 0 3 0 0 0 0 0
1372 6 1 1 0 0 0 0 0 0
1379 6 0 0 0 0 0 0 0 0
1382 6 0 0 0 0 0 0 0 0
1393 21 0 0 0 0 0 9 1 1
1394 15 0 0 9 0 0 0 0 0
1399 6 0 0 0 0 0 0 0 0
1403 16 0 0 2 0 0 2 0 0
1406 4 0 0 0 0 0 0 0 0
1414 6 1 1 0 0 0 0 0 0
1418 12 1 1 6 0 0 0 0 0
1427 9 0 0 3 0 0 3 0 0
1433 6 0 0 0 0 0 0 0 0
1449 9 1 1 3 0 0 0 0 0
1468 6 0 0 3 0 0 3 0 0
1470 15 0 0 6 0 0 0 0 0
1525 9 0 0 3 2 2 0 0 0
1526 2 0 0 1 0 0 1 0 0
1529 12 1 1 3 0 0 3 0 0
1537 21 1 1 3 0 0 0 0 0
1540 12 1 1 6 0 0 3 0 0
1542 6 0 0 3 0 0 0 0 0
1558 6 0 0 0 0 0 3 0 0
1562 6 0 0 3 0 0 0 0 0
1563 6 0 0 3 0 0 0 0 0
1580 6 1 1 3 0 0 0 0 0
1581 2 0 0 0 0 0 2 0 0
1584 6 0 0 3 0 0 3 0 0
1585 6 0 0 3 0 0 3 0 0
1589 6 0 0 3 0 0 0 0 0
1599 9 1 1 3 0 0 3 0 0
1603 12 0 0 3 0 0 0 0 0
1623 24 0 0 21 0 0 0 0 0
fn=expand_dynamic_string_token
161 6 0 0 0 0 0 2 0 0
162 4 1 1 0 0 0 2 0 0
164 4 0 0 0 0 0 0 0 0
167 8 0 0 0 0 0 0 0 0
415 16 1 1 0 0 0 10 0 0
425 10 0 0 0 0 0 2 0 0
440 10 0 0 10 0 0 0 0 0
fn=fillin_rpath
486 17 1 1 0 0 0 12 0 0
488 1 0 0 0 0 0 0 0 0
491 7 1 1 0 0 0 2 0 0
495 5 0 0 1 0 0 1 0 0
497 3 0 0 0 0 0 1 0 0
501 2 0 0 0 0 0 0 0 0
508 8 2 2 1 0 0 0 0 0
513 2 0 0 0 0 0 1 0 0
516 5 0 0 1 0 0 0 0 0
523 18 1 1 5 0 0 1 0 0
524 8 0 0 4 0 0 0 0 0
542 4 2 2 1 0 0 1 0 0
545 2 0 0 0 0 0 1 0 0
546 4 1 1 2 0 0 1 0 0
547 4 0 0 0 0 0 2 0 0
548 4 1 1 2 0 0 0 0 0
552 1 0 0 0 0 0 1 1 1
553 1 0 0 0 0 0 0 0 0
554 5 0 0 0 0 0 3 0 0
555 1 0 0 0 0 0 1 0 0
557 3 0 0 2 0 0 0 0 0
563 4 1 1 1 0 0 0 0 0
564 14 0 0 0 0 0 0 0 0
565 10 1 1 0 0 0 2 0 0
567 2 0 0 1 0 0 1 0 0
568 2 0 0 1 0 0 0 0 0
573 2 1 1 0 0 0 1 0 0
575 2 1 1 1 0 0 1 0 0
576 1 0 0 0 0 0 1 0 0
579 3 0 0 0 0 0 1 0 0
581 4 1 1 2 0 0 1 0 0
585 1 0 0 0 0 0 1 0 0
588 9 0 0 7 0 0 0 0 0
fn=open_path
2168 28 2 2 0 0 0 24 0 0
2169 4 0 0 2 0 0 2 0 0
2172 2 0 0 0 0 0 2 0 0
2173 2 1 1 0 0 0 2 0 0
2175 4 0 0 0 0 0 0 0 0
2180 16 0 0 4 0 0 0 0 0
2183 2 0 0 2 0 0 0 0 0
2187 4 0 0 0 0 0 0 0 0
2192 4 0 0 2 0 0 0 0 0
2199 10 0 0 4 0 0 4 0 0
2200 36 1 1 3 0 0 0 0 0
2203 16 1 1 8 0 0 0 0 0
2207 65 1 1 30 0 0 10 0 0
2210 5 0 0 0 0 0 0 0 0
2213 10 0 0 5 0 0 0 0 0
2216 35 1 1 20 0 0 5 0 0
2218 15 0 0 5 0 0 0 0 0
2220 8 0 0 0 0 0 0 0 0
2225 8 1 1 4 0 0 0 0 0
2226 36 0 0 16 0 0 0 0 0
2232 22 1 1 6 0 0 6 0 0
2234 24 1 1 4 0 0 4 0 0
2235 2 0 0 1 0 0 0 0 0
2237 21 1 1 4 0 0 4 0 0
2244 12 0 0 0 0 0 0 0 0
2246 3 0 0 0 0 0 0 0 0
2254 4 0 0 0 0 0 2 0 0
2282 2 0 0 0 0 0 0 0 0
2285 10 0 0 2 0 0 0 0 0
2290 2 1 1 2 0 0 0 0 0
2292 8 0 0 6 0 0 0 0 0
2295 6 0 0 2 0 0 0 0 0
2309 19 1 1 14 0 0 0 0 0
fn=open_verify
1873 12 2 2 0 0 0 8 0 0
1909 3 0 0 1 0 0 0 0 0
1930 5 0 0 1 0 0 2 1 1
1931 2 0 0 0 0 0 0 0 0
1941 1 1 1 0 0 0 1 0 0
1942 2 0 0 0 0 0 1 0 0
1947 6 0 0 1 0 0 1 0 0
1949 2 0 0 0 0 0 0 0 0
1951 3 0 0 1 0 0 1 0 0
1953 2 0 0 0 0 0 0 0 0
1959 2 1 1 0 0 0 0 0 0
1975 11 0 0 0 0 0 1 0 0
1977 1 0 0 1 0 0 0 0 0
1979 4 1 1 0 0 0 1 0 0
2006 3 1 1 2 0 0 0 0 0
2050 2 0 0 1 0 0 0 0 0
2055 2 0 0 1 0 0 0 0 0
2058 4 0 0 1 0 0 0 0 0
2063 2 1 1 1 1 1 0 0 0
2070 5 0 0 1 0 0 0 0 0
2071 4 0 0 1 0 0 0 0 0
2072 1 0 0 0 0 0 0 0 0
2087 61 0 0 0 0 0 0 0 0
2089 19 1 1 9 5 5 0 0 0
2093 4 1 1 2 0 0 0 0 0
2094 2 0 0 0 0 0 0 0 0
2103 6 1 1 0 0 0 1 0 0
2106 1 0 0 0 0 0 0 0 0
2107 3 0 0 1 0 0 0 0 0
2108 3 0 0 1 0 0 0 0 0
2110 3 0 0 0 0 0 0 0 0
2154 8 0 0 7 0 0 0 0 0
fn=open_verify.constprop.6
1871 77 2 2 0 0 0 49 1 1
1909 21 0 0 7 0 0 0 0 0
1930 35 0 0 7 0 0 14 1 1
1931 14 0 0 0 0 0 0 0 0
1941 2 0 0 0 0 0 2 0 0
1942 4 0 0 0 0 0 2 0 0
1947 12 1 1 2 0 0 2 0 0
1949 4 0 0 0 0 0 0 0 0
1951 6 0 0 2 0 0 2 0 0
1953 4 0 0 0 0 0 0 0 0
1959 4 0 0 0 0 0 0 0 0
1975 22 1 1 0 0 0 2 0 0
1977 2 0 0 2 0 0 0 0 0
1979 8 0 0 0 0 0 2 0 0
2050 4 1 1 2 0 0 0 0 0
2055 4 0 0 2 0 0 0 0 0
2058 8 0 0 2 0 0 0 0 0
2063 4 0 0 2 0 0 0 0 0
2070 14 1 1 2 0 0 0 0 0
2071 8 0 0 2 0 0 0 0 0
2072 2 0 0 0 0 0 0 0 0
2087 90 0 0 0 0 0 0 0 0
2089 34 1 1 16 0 0 0 0 0
2093 8 1 1 4 0 0 0 0 0
2094 4 0 0 0 0 0 0 0 0
2103 24 1 1 0 0 0 4 0 0
2106 2 0 0 0 0 0 0 0 0
2107 6 0 0 2 0 0 0 0 0
2108 6 0 0 2 0 0 0 0 0
2110 6 0 0 0 0 0 0 0 0
2115 2 0 0 0 0 0 0 0 0
2116 2 0 0 0 0 0 0 0 0
2119 4 0 0 0 0 0 0 0 0
2122 6 0 0 2 0 0 0 0 0
2123 10 0 0 2 0 0 0 0 0
2124 4 0 0 2 0 0 0 0 0
2125 6 0 0 2 0 0 0 0 0
2126 12 0 0 4 0 0 0 0 0
2131 5 1 1 0 0 0 0 0 0
2154 56 1 1 49 0 0 0 0 0
fl=/build/buildd/eglibc-2.19/elf/dl-lookup.c
fn=_dl_lookup_symbol_x
475 250 0 0 0 0 0 0 0 0
476 7478 2 2 1807 106 98 125 0 0
477 6728 0 0 0 0 0 0 0 0
714 1750 1 1 0 0 0 1000 10 3
716 250 0 0 0 0 0 125 2 0
717 250 0 0 0 0 0 250 1 0
720 125 0 0 125 6 0 0 0 0
724 480 1 1 115 0 0 0 0 0
728 250 0 0 0 0 0 125 0 0
729 250 0 0 125 0 0 0 0 0
731 250 0 0 250 7 0 0 0 0
735 1036 1 1 9 0 0 250 0 0
737 1625 1 1 750 0 0 875 9 1
740 250 0 0 0 0 0 0 0 0
743 9 0 0 0 0 0 0 0 0
766 250 1 1 125 0 0 0 0 0
768 63 1 1 18 0 0 0 0 0
784 9 0 0 0 0 0 9 0 0
785 18 1 1 0 0 0 0 0 0
788 116 0 0 116 0 0 0 0 0
789 812 0 0 232 0 0 0 0 0
815 116 0 0 0 0 0 0 0 0
824 580 0 0 116 0 0 0 0 0
838 348 1 1 116 11 1 0 0 0
839 2 1 1 0 0 0 1 0 0
841 464 0 0 232 0 0 0 0 0
846 116 0 0 0 0 0 116 0 0
848 1000 0 0 875 0 0 0 0 0
fn=_dl_setup_hash
859 15 1 1 5 0 0 0 0 0
863 5 0 0 5 0 0 0 0 0
867 10 0 0 5 5 5 5 1 1
868 5 0 0 5 0 0 0 0 0
869 5 0 0 5 1 1 0 0 0
871 15 1 1 0 0 0 0 0 0
872 5 0 0 0 0 0 5 0 0
873 15 0 0 5 0 0 5 0 0
875 5 0 0 0 0 0 5 0 0
876 10 0 0 0 0 0 0 0 0
878 5 0 0 0 0 0 5 0 0
879 5 0 0 0 0 0 0 0 0
880 20 1 1 0 0 0 5 0 0
881 5 0 0 5 0 0 0 0 0
fn=check_match.9458
131 812 1 1 0 0 0 464 0 0
132 232 1 1 116 39 20 0 0 0
134 464 0 0 232 12 9 0 0 0
136 348 0 0 116 0 0 0 0 0
146 348 0 0 116 0 0 116 10 2
149 520 0 0 260 0 0 48 1 0
153 232 0 0 232 3 0 0 0 0
154 348 1 1 116 0 0 0 0 0
156 230 0 0 0 0 0 0 0 0
175 230 0 0 230 28 12 0 0 0
176 920 1 1 345 14 0 0 0 0
177 575 1 1 230 1 0 115 0 0
204 2 1 1 0 0 0 0 0 0
206 6 0 0 2 0 0 0 0 0
207 4 0 0 1 0 0 0 0 0
222 812 0 0 580 0 0 0 0 0
fn=do_lookup_x
77 1000 1 1 375 0 0 625 6 2
82 1500 2 2 250 0 0 875 11 3
83 125 0 0 125 1 0 0 0 0
89 125 0 0 125 0 0 0 0 0
95 513 0 0 0 0 0 513 0 0
96 513 0 0 0 0 0 513 0 0
98 1539 1 1 1026 30 0 513 0 0
101 1026 0 0 0 0 0 0 0 0
105 1034 0 0 517 0 0 0 0 0
109 1024 0 0 512 24 0 0 0 0
113 1024 0 0 512 5 0 0 0 0
119 1536 1 1 512 18 0 0 0 0
123 1024 0 0 1024 40 0 0 0 0
124 1536 0 0 1024 7 0 512 0 0
225 512 0 0 512 0 0 0 0 0
226 1024 0 0 0 0 0 0 0 0
228 512 0 0 512 76 36 0 0 0
229 250 0 0 0 0 0 0 0 0
230 1024 0 0 512 0 0 0 0 0
232 500 0 0 0 0 0 0 0 0
233 2048 1 1 512 0 0 0 0 0
236 2048 0 0 0 0 0 0 0 0
237 1536 0 0 0 0 0 0 0 0
239 256 0 0 256 74 55 0 0 0
240 512 1 1 0 0 0 0 0 0
241 256 0 0 0 0 0 0 0 0
243 372 0 0 124 0 0 0 0 0
246 1250 1 1 250 83 67 0 0 0
248 928 1 1 232 0 0 232 0 0
249 928 0 0 0 0 0 580 1 0
250 580 0 0 348 0 0 0 0 0
253 402 0 0 0 0 0 0 0 0
257 396 0 0 0 0 0 396 0 0
281 792 0 0 396 0 0 0 0 0
286 868 0 0 116 0 0 0 0 0
290 277 1 1 15 2 0 116 0 0
303 232 0 0 116 0 0 116 0 0
304 232 0 0 116 0 0 116 0 0
305 116 1 1 0 0 0 0 0 0
461 2232 1 1 744 1 0 0 0 0
462 1331 0 0 484 0 0 484 3 0
465 1191 1 1 0 0 0 0 0 0
468 18 0 0 0 0 0 0 0 0
469 1000 0 0 875 0 0 0 0 0
fl=/build/buildd/eglibc-2.19/elf/dl-minimal.c
fn=__libc_memalign
51 108 1 1 0 0 0 54 1 1
52 133 0 0 53 0 0 0 0 0
57 3 0 0 0 0 0 1 0 0
58 3 1 1 1 0 0 0 0 0
59 1 0 0 0 0 0 0 0 0
63 81 1 1 0 0 0 27 0 0
64 27 0 0 0 0 0 0 0 0
66 177 0 0 0 0 0 0 0 0
70 12 0 0 3 0 0 0 0 0
71 9 1 1 0 0 0 0 0 0
77 21 0 0 0 0 0 3 0 0
79 15 0 0 6 0 0 0 0 0
83 9 0 0 0 0 0 3 0 0
86 27 0 0 0 0 0 27 0 0
87 27 0 0 0 0 0 27 0 0
89 207 0 0 81 0 0 0 0 0
fn=calloc
102 10 1 1 0 0 0 0 0 0
106 10 0 0 0 0 0 0 0 0
109 50 0 0 0 0 0 0 0 0
113 10 0 0 0 0 0 0 0 0
fn=free
119 2 0 0 0 0 0 1 0 0
121 2 1 1 1 0 0 0 0 0
128 2 0 0 2 0 0 0 0 0
fn=malloc
93 26 1 1 0 0 0 0 0 0
94 52 0 0 0 0 0 0 0 0
fn=strsep
338 8 1 1 4 0 0 0 0 0
340 4 0 0 4 0 0 0 0 0
341 8 0 0 0 0 0 0 0 0
345 317 1 1 63 0 0 0 0 0
350 244 0 0 122 0 0 0 0 0
352 366 0 0 122 0 0 0 0 0
360 61 0 0 0 0 0 0 0 0
363 2 0 0 0 0 0 2 0 0
367 4 0 0 4 0 0 0 0 0
fl=/build/buildd/eglibc-2.19/elf/dl-misc.c
fn=_dl_name_match_p
288 800 1 1 0 0 0 320 1 0
289 640 0 0 160 0 0 160 3 3
290 168 0 0 0 0 0 0 0 0
292 160 0 0 160 0 0 0 0 0
294 640 0 0 0 0 0 0 0 0
295 840 1 1 168 12 0 168 0 0
298 160 0 0 160 0 0 0 0 0
300 152 0 0 0 0 0 0 0 0
301 800 0 0 480 0 0 0 0 0
fn=_dl_sysdep_read_whole_file
45 7 2 2 0 0 0 4 0 0
46 1 0 0 0 0 0 0 0 0
52 4 0 0 0 0 0 1 0 0
53 2 0 0 0 0 0 0 0 0
55 6 0 0 0 0 0 1 0 0
57 2 0 0 1 0 0 1 1 1
60 2 0 0 0 0 0 0 0 0
62 8 1 1 0 0 0 1 0 0
73 2 0 0 0 0 0 1 0 0
76 7 0 0 5 0 0 0 0 0
fl=/build/buildd/eglibc-2.19/elf/dl-object.c
fn=_dl_add_to_namespace_list
32 20 1 1 0 0 0 8 0 0
34 8 0 0 4 0 0 4 0 0
36 29 1 1 4 0 0 0 0 0
39 27 0 0 9 0 0 0 0 0
40 6 0 0 0 0 0 0 0 0
41 3 0 0 0 0 0 3 0 0
43 3 0 0 0 0 0 3 0 0
46 2 0 0 0 0 0 1 0 0
47 12 0 0 4 0 0 0 0 0
48 8 0 0 4 0 0 4 0 0
49 8 0 0 0 0 0 4 0 0
51 12 0 0 4 0 0 0 0 0
52 12 0 0 8 0 0 0 0 0
fn=_dl_new_object
61 56 2 2 0 0 0 40 1 1
62 20 0 0 0 0 0 4 0 0
68 48 1 1 8 0 0 0 0 0
75 20 0 0 0 0 0 8 0 0
78 8 0 0 0 0 0 0 0 0
81 4 0 0 0 0 0 4 3 3
82 8 0 0 0 0 0 4 4 4
86 8 0 0 0 0 0 4 2 2
87 20 1 1 8 0 0 8 2 2
89 4 0 0 0 0 0 4 0 0
97 20 0 0 8 0 0 4 0 0
98 24 1 1 8 4 4 4 0 0
101 8 0 0 4 0 0 0 0 0
102 9 1 1 0 0 0 4 4 4
103 4 0 0 0 0 0 4 0 0
107 4 0 0 0 0 0 4 0 0
110 45 1 1 0 0 0 0 0 0
112 32 0 0 0 0 0 16 5 5
122 8 0 0 0 0 0 4 1 1
123 4 0 0 0 0 0 4 4 4
126 4 0 0 0 0 0 0 0 0
128 24 1 1 4 0 0 0 0 0
130 9 0 0 0 0 0 3 1 1
133 9 0 0 0 0 0 0 0 0
137 9 0 0 3 0 0 0 0 0
141 21 0 0 3 0 0 0 0 0
143 1 1 1 0 0 0 0 0 0
149 1 0 0 0 0 0 1 1 1
152 8 0 0 0 0 0 4 1 1
155 20 0 0 8 0 0 0 0 0
157 15 0 0 3 0 0 6 0 0
161 15 1 1 0 0 0 0 0 0
165 9 2 2 0 0 0 3 0 0
166 12 0 0 0 0 0 0 0 0
211 12 0 0 6 0 0 3 0 0
216 115 0 0 0 0 0 0 0 0
217 124 0 0 59 0 0 0 0 0
222 6 0 0 0 0 0 3 0 0
225 6 1 1 0 0 0 3 0 0
229 32 1 1 28 0 0 0 0 0
fl=/build/buildd/eglibc-2.19/elf/dl-open.c
fn=_dl_find_dso_for_object
182 5 1 1 1 0 0 0 0 0
183 13 2 2 4 0 0 0 0 0
184 16 0 0 8 0 0 0 0 0
185 2 0 0 1 0 0 0 0 0
188 2 1 1 1 0 0 0 0 0
192 1 0 0 1 0 0 0 0 0
fl=/build/buildd/eglibc-2.19/elf/dl-reloc.c
fn=_dl_relocate_object
154 60 1 1 0 0 0 40 0 0
161 5 0 0 0 0 0 5 0 0
164 10 0 0 0 0 0 0 0 0
165 25 1 1 0 0 0 15 0 0
169 10 0 0 0 0 0 0 0 0
170 20 1 1 10 1 0 0 0 0
176 10 0 0 5 0 0 0 0 0
182 15 0 0 5 0 0 0 0 0
183 10 1 1 5 4 0 0 0 0
186 10 1 1 5 0 0 0 0 0
193 10 0 0 5 1 0 0 0 0
238 15 0 0 10 0 0 5 0 0
264 294 3 3 104 16 1 67 0 0
267 15 1 1 5 0 0 0 0 0
295 5 0 0 5 0 0 0 0 0
298 10 0 0 5 0 0 0 0 0
315 15 0 0 5 3 0 0 0 0
317 40 0 0 35 1 0 0 0 0
323 20 1 1 10 0 0 0 0 0
324 10 0 0 5 0 0 0 0 0
325 10 0 0 0 0 0 0 0 0
328 10 0 0 0 0 0 0 0 0
329 25 1 1 0 0 0 5 0 0
fl=/build/buildd/eglibc-2.19/elf/dl-tls.c
fn=_dl_add_to_slotinfo
831 4 1 1 0 0 0 3 0 0
837 2 1 1 1 0 0 0 0 0
840 1 0 0 1 1 0 0 0 0
845 5 0 0 1 0 0 0 0 0
886 1 0 0 0 0 0 1 1 0
887 3 1 1 1 1 0 1 0 0
888 4 0 0 4 0 0 0 0 0
fn=_dl_allocate_tls
295 4 1 1 2 0 0 0 0 0
296 6 0 0 0 0 0 2 0 0
297 4 0 0 0 0 0 0 0 0
300 2 0 0 0 0 0 2 0 0
306 4 0 0 0 0 0 2 0 0
459 8 1 1 0 0 0 6 0 0
460 8 0 0 0 0 0 0 0 0
463 6 0 0 6 0 0 0 0 0
fn=_dl_allocate_tls_init
376 24 2 1 0 0 0 21 0 0
377 6 0 0 0 0 0 0 0 0
381 9 0 0 6 1 0 3 0 0
383 3 0 0 0 0 0 0 0 0
384 3 0 0 0 0 0 0 0 0
389 9 0 0 3 0 0 3 0 0
394 36 2 1 6 1 0 0 0 0
400 27 0 0 0 0 0 0 0 0
403 3 2 1 3 2 0 0 0 0
404 6 0 0 0 0 0 0 0 0
410 9 0 0 3 0 0 0 0 0
412 6 0 0 0 0 0 0 0 0
413 6 0 0 3 1 0 0 0 0
422 6 2 1 3 0 0 0 0 0
423 12 0 0 6 2 0 0 0 0
425 6 0 0 0 0 0 0 0 0
426 6 2 1 3 0 0 0 0 0
434 12 0 0 3 0 0 3 1 0
435 3 0 0 0 0 0 3 0 0
436 33 0 0 12 0 0 6 0 0
450 6 2 1 3 0 0 3 0 0
452 3 0 0 3 0 0 0 0 0
453 24 2 1 21 0 0 0 0 0
fn=_dl_allocate_tls_storage
295 2 0 0 1 0 0 0 0 0
296 3 1 1 0 0 0 1 0 0
297 2 0 0 0 0 0 0 0 0
300 1 0 0 0 0 0 1 1 1
306 2 0 0 0 0 0 1 0 0
328 3 1 1 0 0 0 3 0 0
330 1 0 0 1 0 0 0 0 0
341 4 0 0 1 0 0 1 0 0
342 2 0 0 0 0 0 0 0 0
349 1 0 0 0 0 0 0 0 0
353 306 1 1 0 0 0 288 36 36
370 5 0 0 4 0 0 0 0 0
fn=_dl_determine_tlsoffset
112 7 1 1 0 0 0 6 0 0
113 2 1 1 0 0 0 0 0 0
114 1 0 0 0 0 0 0 0 0
115 1 0 0 0 0 0 0 0 0
118 3 1 1 1 0 0 0 0 0
121 2 0 0 1 0 0 0 0 0
123 1 0 0 0 0 0 0 0 0
155 1 0 0 0 0 0 0 0 0
157 10 0 0 2 0 0 0 0 0
159 3 0 0 1 0 0 0 0 0
161 3 0 0 1 0 0 0 0 0
162 2 1 1 1 0 0 0 0 0
164 2 0 0 0 0 0 0 0 0
166 5 0 0 1 0 0 0 0 0
168 2 1 1 0 0 0 0 0 0
182 9 1 1 0 0 0 0 0 0
184 3 0 0 0 0 0 0 0 0
185 1 0 0 0 0 0 0 0 0
194 1 0 0 0 0 0 1 0 0
197 4 0 0 0 0 0 1 0 0
198 1 0 0 0 0 0 1 0 0
249 1 0 0 0 0 0 1 0 0
250 8 0 0 7 0 0 0 0 0
fn=_dl_get_tls_static_info
320 2 1 1 1 0 0 1 0 0
321 3 0 0 2 0 0 1 0 0
fn=_dl_next_tls_modid
50 1 1 1 0 0 0 0 0 0
53 3 0 0 2 0 0 0 0 0
101 2 0 0 0 0 0 1 0 0
105 2 0 0 1 0 0 0 0 0
fl=/build/buildd/eglibc-2.19/elf/dl-tsd.c
fn=__libc_dl_error_tsd
48 2 0 0 2 1 0 0 0 0
49 1 0 0 1 0 0 0 0 0
fl=/build/buildd/eglibc-2.19/elf/dl-version.c
fn=_dl_check_all_versions
380 6 1 1 0 0 0 4 0 0
382 2 0 0 0 0 0 0 0 0
384 19 1 1 5 0 0 0 0 0
385 5 1 1 0 0 0 0 0 0
386 50 0 0 5 0 0 5 0 0
389 7 0 0 5 0 0 0 0 0
fn=_dl_check_map_versions
56 67 0 0 10 0 0 0 0 0
57 16 0 0 16 0 0 0 0 0
58 110 1 1 0 0 0 21 0 0
174 55 1 1 0 0 0 40 0 0
175 2 0 0 0 0 0 0 0 0
183 2 1 1 0 0 0 0 0 0
189 15 0 0 5 0 0 0 0 0
191 10 0 0 5 0 0 5 0 0
193 10 0 0 5 0 0 5 0 0
194 10 1 1 5 0 0 5 0 0
196 10 0 0 0 0 0 0 0 0
199 12 0 0 9 0 0 3 0 0
203 18 0 0 6 2 2 0 0 0
220 15 1 1 15 0 0 0 0 0
228 15 0 0 5 0 0 0 0 0
233 35 0 0 10 0 0 0 0 0
237 215 2 2 125 5 4 26 0 0
244 52 0 0 13 0 0 0 0 0
247 44 0 0 13 0 0 0 0 0
252 8 0 0 0 0 0 0 0 0
256 20 0 0 10 0 0 0 0 0
261 2 0 0 2 0 0 0 0 0
262 2 0 0 0 0 0 0 0 0
270 15 1 1 5 0 0 0 0 0
273 9 0 0 6 0 0 0 0 0
276 156 0 0 39 2 2 0 0 0
279 117 0 0 39 2 2 0 0 0
283 36 0 0 0 0 0 0 0 0
287 10 0 0 0 0 0 0 0 0
292 4 0 0 0 0 0 4 0 0
293 16 0 0 0 0 0 4 0 0
294 8 0 0 0 0 0 0 0 0
302 4 1 1 0 0 0 4 0 0
305 12 0 0 8 0 0 4 0 0
307 12 0 0 4 0 0 0 0 0
310 12 0 0 9 0 0 0 0 0
314 15 0 0 5 0 0 0 0 0
317 39 0 0 13 0 0 0 0 0
319 39 1 1 0 0 0 0 0 0
321 65 0 0 13 0 0 13 0 0
322 39 0 0 0 0 0 13 6 6
323 39 0 0 13 0 0 13 1 1
324 39 0 0 13 0 0 13 0 0
327 39 0 0 13 0 0 0 0 0
332 8 0 0 0 0 0 0 0 0
335 15 1 1 5 0 0 0 0 0
340 2 0 0 0 0 0 0 0 0
341 2 0 0 0 0 0 0 0 0
345 12 0 0 4 0 0 0 0 0
348 12 0 0 9 0 0 0 0 0
352 39 0 0 39 0 0 0 0 0
354 78 0 0 39 0 0 0 0 0
358 36 0 0 36 0 0 0 0 0
359 180 0 0 36 0 0 36 10 10
360 108 0 0 36 0 0 36 0 0
361 36 0 0 0 0 0 36 4 4
364 117 0 0 39 0 0 0 0 0
368 36 0 0 0 0 0 0 0 0
373 9 1 1 0 0 0 0 0 0
374 40 1 1 35 0 0 0 0 0
fn=match_symbol
76 169 1 1 0 0 0 104 0 0
77 26 0 0 26 0 0 0 0 0
85 26 1 1 13 0 0 0 0 0
91 39 0 0 13 0 0 0 0 0
106 13 0 0 13 0 0 0 0 0
107 26 0 0 0 0 0 0 0 0
109 13 0 0 13 0 0 0 0 0
114 178 0 0 89 10 10 0 0 0
128 178 1 1 89 4 4 0 0 0
130 13 1 1 13 0 0 0 0 0
133 78 0 0 13 0 0 13 0 0
140 228 0 0 76 4 4 0 0 0
144 76 0 0 0 0 0 0 0 0
168 104 0 0 91 0 0 0 0 0
fl=/build/buildd/eglibc-2.19/elf/do-rel.h
fn=_dl_relocate_object
47 20 0 0 10 0 0 0 0 0
48 10 0 0 10 0 0 0 0 0
50 4 0 0 0 0 0 0 0 0
51 4 0 0 0 0 0 4 1 0
58 30 0 0 10 0 0 0 0 0
61 355 1 1 0 0 0 0 0 0
63 339 1 1 113 43 43 0 0 0
65 17 0 0 0 0 0 0 0 0
74 8 0 0 0 0 0 0 0 0
75 31 1 1 11 0 0 0 0 0
76 10 0 0 5 0 0 0 0 0
83 12 0 0 6 0 0 6 0 0
84 6 1 1 6 0 0 0 0 0
86 12 0 0 0 0 0 0 0 0
98 18 1 1 0 0 0 0 0 0
108 11 1 1 1 1 1 0 0 0
111 3779 0 0 0 0 0 0 0 0
112 2512 0 0 1256 1 0 0 0 0
118 18 0 0 6 5 0 0 0 0
121 10 0 0 5 3 0 5 1 0
124 353 0 0 113 0 0 0 0 0
127 436 0 0 109 29 25 0 0 0
136 327 0 0 218 43 39 0 0 0
137 624 0 0 109 0 0 109 0 0
138 203 0 0 109 1 0 0 0 0
139 218 1 1 109 0 0 0 0 0
143 8 0 0 0 0 0 0 0 0
160 23 2 2 5 0 0 4 0 0
162 20 1 1 5 2 2 0 0 0
170 25 0 0 5 0 0 5 0 0
171 10 0 0 10 0 0 0 0 0
174 5 0 0 2 0 0 0 0 0
fn=_dl_start
83 1 0 0 1 0 0 0 0 0
84 1 0 0 1 0 0 0 0 0
111 33 0 0 0 0 0 0 0 0
112 20 0 0 10 3 3 0 0 0
116 2 1 1 1 0 0 0 0 0
124 31 0 0 0 0 0 0 0 0
137 45 1 1 9 2 2 0 0 0
139 18 0 0 9 0 0 0 0 0
fl=/build/buildd/eglibc-2.19/elf/get-dynamic-info.h
fn=_dl_map_object_from_fd
38 6 0 0 0 0 0 0 0 0
42 3 0 0 0 0 0 0 0 0
44 234 0 0 78 21 21 0 0 0
46 150 0 0 0 0 0 0 0 0
51 75 1 1 0 0 0 0 0 0
52 123 0 0 0 0 0 72 18 18
53 12 0 0 0 0 0 0 0 0
55 3 0 0 0 0 0 0 0 0
56 15 1 1 0 0 0 0 0 0
58 3 0 0 0 0 0 0 0 0
59 15 1 1 0 0 0 0 0 0
60 3 0 0 0 0 0 0 0 0
61 12 0 0 0 0 0 3 0 0
62 75 0 0 0 0 0 0 0 0
69 6 0 0 0 0 0 0 0 0
89 11 0 0 5 0 0 0 0 0
90 12 1 1 6 0 0 0 0 0
91 12 0 0 6 0 0 0 0 0
92 12 0 0 6 0 0 0 0 0
94 12 0 0 6 0 0 0 0 0
99 12 1 1 6 0 0 0 0 0
100 11 0 0 5 1 1 0 0 0
101 12 0 0 6 0 0 0 0 0
107 9 0 0 3 0 0 0 0 0
112 6 1 1 3 0 0 0 0 0
119 6 0 0 3 0 0 0 0 0
120 9 0 0 6 0 0 0 0 0
136 9 0 0 3 0 0 0 0 0
141 4 0 0 2 0 0 2 0 0
143 4 0 0 0 0 0 0 0 0
145 4 0 0 0 0 0 0 0 0
147 4 0 0 0 0 0 0 0 0
150 9 1 1 3 0 0 0 0 0
152 4 0 0 2 0 0 2 0 0
160 4 0 0 2 0 0 0 0 0
161 4 1 1 0 0 0 0 0 0
165 4 0 0 0 0 0 0 0 0
168 6 0 0 3 0 0 0 0 0
fn=_dl_start
44 57 1 1 19 6 6 0 0 0
46 36 0 0 0 0 0 0 0 0
47 26 0 0 0 0 0 13 3 3
51 21 0 0 0 0 0 0 0 0
52 18 2 2 0 0 0 4 2 2
53 4 1 1 0 0 0 0 0 0
55 1 0 0 0 0 0 0 0 0
56 5 1 1 0 0 0 0 0 0
58 2 0 0 0 0 0 0 0 0
59 5 1 1 0 0 0 0 0 0
60 1 0 0 0 0 0 0 0 0
61 5 0 0 0 0 0 1 1 1
62 18 0 0 0 0 0 0 0 0
69 2 0 0 0 0 0 0 0 0
89 4 0 0 2 0 0 0 0 0
90 4 0 0 2 0 0 0 0 0
91 4 1 1 2 0 0 0 0 0
92 4 0 0 2 0 0 0 0 0
94 4 0 0 2 0 0 0 0 0
99 4 0 0 2 0 0 0 0 0
100 4 1 1 2 0 0 0 0 0
101 4 0 0 2 0 0 0 0 0
107 3 0 0 1 0 0 0 0 0
112 2 0 0 1 0 0 0 0 0
119 3 0 0 1 0 0 0 0 0
120 3 1 1 2 0 0 0 0 0
128 3 0 0 1 0 0 0 0 0
130 3 0 0 1 1 1 0 0 0
133 2 1 1 1 0 0 0 0 0
134 2 0 0 1 0 0 0 0 0
fn=dl_main
29 1 0 0 1 0 0 0 0 0
38 2 0 0 0 0 0 0 0 0
42 1 0 0 0 0 0 0 0 0
44 75 0 0 25 7 7 0 0 0
46 48 1 1 0 0 0 0 0 0
51 17 1 1 0 0 0 0 0 0
52 34 0 0 0 0 0 23 5 5
53 4 0 0 0 0 0 0 0 0
55 1 0 0 0 0 0 0 0 0
56 5 1 1 0 0 0 0 0 0
58 1 0 0 0 0 0 0 0 0
59 5 0 0 0 0 0 0 0 0
60 1 0 0 0 0 0 0 0 0
61 4 1 1 0 0 0 1 0 0
62 24 0 0 0 0 0 0 0 0
69 3 1 1 1 0 0 0 0 0
107 3 2 2 1 0 0 0 0 0
112 2 0 0 1 0 0 0 0 0
119 2 0 0 1 0 0 0 0 0
120 3 0 0 2 0 0 0 0 0
136 3 0 0 1 0 0 0 0 0
150 3 1 1 1 0 0 0 0 0
168 2 1 1 1 0 0 0 0 0
fl=/build/buildd/eglibc-2.19/elf/rtld.c
fn=_dl_initial_error_catch_tsd
798 16 0 0 8 0 0 0 0 0
fn=_dl_start
285 75 4 4 8 1 1 8 1 1
297 2 0 0 0 0 0 1 1 1
298 2 0 0 0 0 0 1 0 0
299 2 0 0 0 0 0 1 0 0
300 2 1 1 0 0 0 1 1 1
301 2 0 0 0 0 0 1 0 0
322 5 0 0 0 0 0 1 0 0
326 1 0 0 0 0 0 1 0 0
332 4 1 0 0 0 0 1 0 0
341 4 1 0 0 0 0 0 0 0
344 2 0 0 1 1 0 1 1 0
348 2 0 0 1 0 0 0 0 0
362 9 2 2 0 0 0 6 1 1
380 5 0 0 0 0 0 1 1 1
406 1 0 0 0 0 0 1 1 1
409 1 0 0 0 0 0 1 1 1
537 2 0 0 0 0 0 0 0 0
542 34 3 3 9 0 0 0 0 0
544 1 0 0 1 1 1 0 0 0
569 9 0 0 7 1 0 0 0 0
fn=dl_main
891 12 1 1 0 0 0 8 2 2
897 1 0 0 0 0 0 0 0 0
899 2 0 0 0 0 0 0 0 0
900 1 0 0 0 0 0 0 0 0
906 1 0 0 0 0 0 1 0 0
910 2 0 0 0 0 0 1 0 0
913 2 0 0 0 0 0 1 1 1
917 2 0 0 0 0 0 1 1 1
918 2 0 0 0 0 0 1 0 0
923 2 1 1 0 0 0 1 0 0
933 4 2 2 2 0 0 0 0 0
1132 8 1 1 0 0 0 1 0 0
1134 2 0 0 0 0 0 0 0 0
1135 1 0 0 0 0 0 1 1 1
1136 2 1 1 1 0 0 1 0 0
1137 3 0 0 2 0 0 1 0 0
1141 3 0 0 0 0 0 1 0 0
1142 2 0 0 1 0 0 0 0 0
1163 1 0 0 0 0 0 1 0 0
1164 1 0 0 0 0 0 1 0 0
1166 1 0 0 0 0 0 1 0 0
1168 1 1 1 1 0 0 0 0 0
1171 36 1 1 3 0 0 0 0 0
1172 71 1 1 9 5 5 0 0 0
1176 3 1 1 1 0 0 1 0 0
1177 1 0 0 0 0 0 0 0 0
1181 3 1 1 2 0 0 1 0 0
1182 1 0 0 0 0 0 0 0 0
1190 1 0 0 0 0 0 1 1 1
1191 2 1 1 2 1 1 0 0 0
1193 2 1 1 0 0 0 1 0 0
1200 3 0 0 1 0 0 0 0 0
1218 1 0 0 0 0 0 0 0 0
1226 4 0 0 2 0 0 0 0 0
1227 10 2 2 3 1 1 0 0 0
1228 4 0 0 2 0 0 0 0 0
1229 1 0 0 0 0 0 1 0 0
1232 4 0 0 2 1 1 0 0 0
1233 4 0 0 2 0 0 0 0 0
1234 2 0 0 0 0 0 2 0 0
1235 6 0 0 3 0 0 0 0 0
1236 2 0 0 0 0 0 1 0 0
1263 2 1 1 1 0 0 1 1 1
1264 1 0 0 0 0 0 0 0 0
1267 2 0 0 1 0 0 1 0 0
1268 2 0 0 1 0 0 1 0 0
1269 1 0 0 0 0 0 0 0 0
1274 3 0 0 1 1 1 0 0 0
1277 2 0 0 0 0 0 0 0 0
1279 2 0 0 0 0 0 0 0 0
1281 2 1 1 1 0 0 0 0 0
1294 3 0 0 1 0 0 0 0 0
1295 11 1 1 6 0 0 2 0 0
1300 1 0 0 0 0 0 1 0 0
1302 1 0 0 0 0 0 1 1 1
1303 1 0 0 0 0 0 1 0 0
1305 2 0 0 1 0 0 0 0 0
1306 2 1 1 0 0 0 1 0 0
1310 2 0 0 1 0 0 0 0 0
1312 2 0 0 0 0 0 0 0 0
1317 2 0 0 0 0 0 1 0 0
1320 4 1 1 0 0 0 1 0 0
1336 3 2 2 0 0 0 1 0 0
1342 9 1 1 1 0 0 2 0 0
1347 2 1 1 1 0 0 1 0 0
1350 4 1 1 1 0 0 2 0 0
1352 1 0 0 0 0 0 1 0 0
1357 2 0 0 1 0 0 0 0 0
1360 3 0 0 2 0 0 1 0 0
1361 4 1 1 1 0 0 1 0 0
1362 2 0 0 0 0 0 1 0 0
1363 1 0 0 0 0 0 1 0 0
1364 1 0 0 1 0 0 0 0 0
1365 1 0 0 1 0 0 0 0 0
1370 2 0 0 1 0 0 0 0 0
1371 5 0 0 1 0 0 1 0 0
1375 1 1 1 1 0 0 0 0 0
1377 4 0 0 1 0 0 0 0 0
1378 2 0 0 0 0 0 1 0 0
1379 4 0 0 1 1 1 1 0 0
1384 2 0 0 0 0 0 0 0 0
1385 6 1 1 1 1 1 0 0 0
1387 2 0 0 1 0 0 1 1 1
1388 2 0 0 1 0 0 1 0 0
1393 2 0 0 1 1 1 0 0 0
1398 3 1 1 1 0 0 0 0 0
1579 3 0 0 1 0 0 0 0 0
1582 2 0 0 1 0 0 1 0 0
1586 3 0 0 1 0 0 0 0 0
1591 2 1 1 1 0 0 1 0 0
1592 1 0 0 0 0 0 1 0 0
1597 3 0 0 1 0 0 0 0 0
1612 3 0 0 2 0 0 0 0 0
1614 1 0 0 0 0 0 0 0 0
1616 3 1 1 1 0 0 0 0 0
1623 11 2 2 0 0 0 3 0 0
1626 6 0 0 0 0 0 0 0 0
1629 12 1 1 0 0 0 2 0 0
1630 2 0 0 1 0 0 0 0 0
1631 3 0 0 1 0 0 0 0 0
1633 6 0 0 0 0 0 1 0 0
1635 4 0 0 0 0 0 0 0 0
1636 2 0 0 1 0 0 0 0 0
1637 3 0 0 0 0 0 1 0 0
1647 5 0 0 0 0 0 1 0 0
1724 4 0 0 2 0 0 0 0 0
1728 8 2 2 0 0 0 0 0 0
1729 1 0 0 0 0 0 0 0 0
1732 2 0 0 0 0 0 1 0 0
1733 1 0 0 1 0 0 0 0 0
1734 2 0 0 0 0 0 0 0 0
1735 2 0 0 0 0 0 0 0 0
1741 5 1 1 0 0 0 0 0 0
1742 8 0 0 0 0 0 1 0 0
1743 4 0 0 0 0 0 0 0 0
1745 2 0 0 1 0 0 0 0 0
1748 15 1 1 2 0 0 0 0 0
1749 20 0 0 10 0 0 0 0 0
1752 3 0 0 2 0 0 1 0 0
1753 3 0 0 1 0 0 0 0 0
1754 1 0 0 0 0 0 1 0 0
1756 16 1 1 0 0 0 0 0 0
1757 11 0 0 5 0 0 0 0 0
1767 2 1 1 0 0 0 1 0 0
1769 2 1 1 1 0 0 1 0 0
1770 2 1 1 1 0 0 0 0 0
1772 3 0 0 0 0 0 1 0 0
1774 3 0 0 0 0 0 0 0 0
1776 3 0 0 1 0 0 0 0 0
1777 1 0 0 1 0 0 0 0 0
1788 3 1 1 0 0 0 0 0 0
1790 2 1 1 0 0 0 0 0 0
1791 2 0 0 0 0 0 1 0 0
1792 3 0 0 1 0 0 0 0 0
1803 4 0 0 0 0 0 1 0 0
1804 1 0 0 0 0 0 1 0 0
1805 5 1 1 0 0 0 1 0 0
1815 2 0 0 1 0 0 1 0 0
1816 2 0 0 1 0 0 0 0 0
1817 2 1 1 0 0 0 2 0 0
1819 2 0 0 1 0 0 0 0 0
1822 1 0 0 0 0 0 1 0 0
1824 2 0 0 1 0 0 0 0 0
2054 3 0 0 1 0 0 0 0 0
2110 2 2 2 0 0 0 1 0 0
2114 4 0 0 2 0 0 2 0 0
2118 2 0 0 1 0 0 1 0 0
2121 2 0 0 0 0 0 0 0 0
2129 2 0 0 0 0 0 0 0 0
2140 1 1 1 1 0 0 0 0 0
2175 3 1 1 1 0 0 0 0 0
2182 1 0 0 1 0 0 0 0 0
2184 11 1 1 1 0 0 1 0 0
2186 15 1 1 1 1 0 0 0 0
2188 15 0 0 10 1 0 0 0 0
2193 10 0 0 10 0 0 0 0 0
2195 12 1 1 0 0 0 0 0 0
2197 1 1 1 0 0 0 1 0 0
2198 1 0 0 1 0 0 0 0 0
2201 5 0 0 5 0 0 0 0 0
2203 15 0 0 0 0 0 0 0 0
2204 32 0 0 8 3 0 4 0 0
2208 17 0 0 6 1 0 0 0 0
2209 3 0 0 0 0 0 1 0 0
2211 4 0 0 0 0 0 0 0 0
2213 2 0 0 0 0 0 1 1 0
2219 2 0 0 1 0 0 0 0 0
2224 4 1 1 2 0 0 0 0 0
2225 1 0 0 1 0 0 0 0 0
2230 2 1 1 1 0 0 1 0 0
2234 2 0 0 1 0 0 0 0 0
2248 3 0 0 2 1 0 0 0 0
2250 4 2 2 1 0 0 0 0 0
2265 5 1 1 0 0 0 0 0 0
2267 1 0 0 1 0 0 0 0 0
2268 5 0 0 1 0 0 1 0 0
2269 4 0 0 0 0 0 0 0 0
2271 3 0 0 1 0 0 0 0 0
2279 1 0 0 0 0 0 1 0 0
2283 3 0 0 1 0 0 0 0 0
2303 3 0 0 0 0 0 1 0 0
2304 1 0 0 0 0 0 1 0 0
2305 1 0 0 0 0 0 1 0 0
2310 1 0 0 0 0 0 1 0 0
2315 8 0 0 7 2 0 0 0 0
2485 2 0 0 1 0 0 1 1 1
2487 1 0 0 0 0 0 0 0 0
2488 1 0 0 0 0 0 0 0 0
2492 13 2 2 1 0 0 4 0 0
2494 15 0 0 3 0 0 3 1 1
2498 105 1 1 21 0 0 0 0 0
2499 19 0 0 0 0 0 0 0 0
2501 4 0 0 0 0 0 0 0 0
2507 16 0 0 2 0 0 0 0 0
2530 6 1 1 0 0 0 1 0 0
2537 6 1 1 0 0 0 1 0 0
2539 3 1 1 0 0 0 1 0 0
2583 6 1 1 0 0 0 1 0 0
2585 3 1 1 0 0 0 1 0 0
2660 3 1 1 1 0 0 0 0 0
2693 3 0 0 1 0 0 0 0 0
fn=do_preload
804 6 0 0 0 0 0 3 0 0
806 1 0 0 0 0 0 1 0 0
810 1 0 0 0 0 0 1 0 0
811 1 1 1 0 0 0 1 0 0
812 1 0 0 0 0 0 1 0 0
814 1 0 0 1 0 0 0 0 0
816 6 0 0 0 0 0 1 0 0
817 3 0 0 1 0 0 0 0 0
825 3 1 1 1 0 0 0 0 0
831 5 0 0 4 0 0 0 0 0
fn=init_tls
717 1 0 0 0 0 0 1 0 0
719 2 0 0 1 0 0 1 0 0
723 2 0 0 1 0 0 0 0 0
724 1 1 1 0 0 0 0 0 0
729 2 0 0 0 0 0 1 0 0
732 1 0 0 0 0 0 1 0 0
733 4 0 0 0 0 0 1 0 0
738 1 0 0 0 0 0 0 0 0
740 1 0 0 0 0 0 1 0 0
744 2 1 1 1 1 1 0 0 0
745 1 0 0 0 0 0 0 0 0
746 13 1 1 1 0 0 0 0 0
747 10 0 0 5 0 0 0 0 0
748 10 0 0 5 2 0 0 0 0
752 3 0 0 0 0 0 1 1 1
754 1 0 0 0 0 0 0 0 0
756 3 0 0 0 0 0 0 0 0
759 1 1 1 0 0 0 1 0 0
766 2 0 0 0 0 0 1 0 0
767 2 0 0 0 0 0 0 0 0
773 2 1 1 1 0 0 1 0 0
781 7 0 0 0 0 0 2 0 0
785 1 1 1 0 0 0 1 0 0
787 1 0 0 0 0 0 0 0 0
788 2 0 0 2 0 0 0 0 0
fn=map_doit
625 2 1 1 0 0 0 1 0 0
627 8 1 1 3 0 0 2 0 0
629 2 0 0 2 0 0 0 0 0
fn=rtld_lock_default_lock_recursive
838 8 1 1 8 1 1 0 0 0
fn=rtld_lock_default_unlock_recursive
844 8 1 1 8 0 0 0 0 0
fn=security_init
851 2 0 0 0 0 0 1 0 0
853 1 0 0 1 0 0 0 0 0
855 1 0 0 0 0 0 1 0 0
861 2 0 0 1 0 0 0 0 0
863 1 0 0 1 0 0 0 0 0
866 1 1 1 0 0 0 1 0 0
868 1 0 0 0 0 0 1 0 0
874 1 0 0 0 0 0 1 0 0
875 3 0 0 2 0 0 0 0 0
fn=version_check_doit
657 2 1 1 0 0 0 1 0 0
659 6 0 0 2 0 0 1 0 0
663 2 0 0 2 0 0 0 0 0
fl=/build/buildd/eglibc-2.19/elf/setup-vdso.h
fn=dl_main
24 2 0 0 1 0 0 0 0 0
fl=/build/buildd/eglibc-2.19/io/../sysdeps/unix/syscall-template.S
fn=__open_nocancel
81 5 0 0 1 0 0 0 0 0
fn=__read_nocancel
81 120 0 0 24 0 0 0 0 0
fn=access
81 16 1 1 0 0 0 0 0 0
83 20 1 1 4 0 0 4 1 1
fn=close
81 16 1 1 0 0 0 0 0 0
82 4 0 0 4 0 0 0 0 0
fn=open
81 38 2 2 1 0 0 0 0 0
82 4 0 0 4 0 0 0 0 0
83 25 0 0 5 0 0 5 0 0
fn=read
81 60 1 1 24 0 0 0 0 0
82 3 0 0 3 0 0 0 0 0
fl=/build/buildd/eglibc-2.19/io/../sysdeps/unix/sysv/linux/wordsize-64/fxstat.c
fn=_fxstat
33 5 0 0 0 0 0 0 0 0
34 10 2 2 0 0 0 0 0 0
35 30 0 0 0 0 0 0 0 0
39 5 0 0 5 0 0 0 0 0
fl=/build/buildd/eglibc-2.19/io/../sysdeps/unix/sysv/linux/wordsize-64/xstat.c
fn=_xstat
33 4 0 0 0 0 0 0 0 0
34 8 1 1 0 0 0 0 0 0
35 36 0 0 3 0 0 3 0 0
39 1 0 0 1 0 0 0 0 0
fl=/build/buildd/eglibc-2.19/libio/filedoalloc.c
fn=_IO_file_doallocate
96 5 1 1 0 0 0 3 0 0
111 8 1 1 3 0 0 1 1 0
113 4 0 0 1 1 0 0 0 0
124 6 1 1 1 0 0 0 0 0
128 8 0 0 0 0 0 1 0 0
129 5 1 1 0 0 0 1 0 0
130 1 0 0 0 0 0 0 0 0
131 5 0 0 4 0 0 0 0 0
fl=/build/buildd/eglibc-2.19/libio/fileops.c
fn=_IO_file_fopen@@GLIBC_2.2.5
224 2 1 1 0 0 0 0 0 0
225 2 0 0 0 0 0 0 0 0
228 2 0 0 0 0 0 1 0 0
232 2 0 0 0 0 0 0 0 0
234 1 0 0 0 0 0 1 0 0
235 4 0 0 1 0 0 1 0 0
236 3 0 0 0 0 0 0 0 0
243 2 1 1 0 0 0 1 0 0
254 9 1 1 0 0 0 6 0 0
255 3 0 0 0 0 0 0 0 0
265 2 0 0 1 0 0 0 0 0
267 5 1 1 1 1 1 0 0 0
270 1 0 0 0 0 0 0 0 0
271 1 1 1 0 0 0 0 0 0
275 2 1 1 1 0 0 0 0 0
292 12 1 1 1 0 0 0 0 0
333 1 0 0 0 0 0 0 0 0
353 4 0 0 0 0 0 1 0 0
354 3 0 0 0 0 0 0 0 0
431 8 0 0 7 0 0 0 0 0
fn=_IO_file_init@@GLIBC_2.2.5
143 4 1 1 0 0 0 2 0 0
147 2 0 0 0 0 0 1 0 0
148 1 0 0 1 0 0 0 0 0
150 1 0 0 0 0 0 1 0 0
151 1 0 0 0 0 0 1 0 0
152 4 0 0 3 0 0 0 0 0
fn=_IO_file_read
1204 96 1 1 48 0 0 0 0 0
fn=_IO_file_stat
1222 1 1 1 0 0 0 0 0 0
1223 3 0 0 1 0 0 0 0 0
fn=_IO_file_underflow@@GLIBC_2.2.5
552 96 1 1 0 0 0 48 0 0
560 72 1 1 24 0 0 0 0 0
566 72 0 0 48 0 0 0 0 0
569 48 0 0 24 0 0 0 0 0
572 3 2 2 1 0 0 0 0 0
577 4 0 0 1 0 0 1 0 0
582 48 0 0 0 0 0 0 0 0
602 48 1 1 0 0 0 24 0 0
608 72 0 0 24 0 0 48 0 0
609 24 0 0 0 0 0 24 0 0
610 48 0 0 0 0 0 48 0 0
611 24 0 0 0 0 0 24 0 0
613 120 1 1 72 0 0 24 0 0
615 48 0 0 0 0 0 0 0 0
622 24 0 0 24 0 0 0 0 0
625 72 0 0 24 0 0 0 0 0
627 48 0 0 48 1 0 0 0 0
628 96 0 0 72 0 0 0 0 0
fl=/build/buildd/eglibc-2.19/libio/genops.c
fn=_IO_default_uflow
434 48 0 0 0 0 0 24 0 0
435 48 1 1 48 0 0 24 0 0
436 48 0 0 0 0 0 0 0 0
438 96 1 1 48 0 0 24 0 0
439 48 0 0 48 0 0 0 0 0
fn=_IO_doallocbuf
414 4 1 1 0 0 0 3 1 0
415 2 0 0 1 0 0 0 0 0
417 3 1 1 1 0 0 0 0 0
418 5 0 0 2 1 0 1 0 0
421 4 0 0 4 0 0 0 0 0
fn=_IO_link_in
99 8 1 1 0 0 0 4 0 0
100 6 1 1 2 0 0 0 0 0
102 2 0 0 0 0 0 1 0 0
104 11 1 1 3 1 0 1 0 0
105 13 2 2 5 1 1 2 0 0
106 1 0 0 0 0 0 1 1 1
107 18 1 1 10 0 0 1 0 0
109 2 1 1 1 1 0 1 0 0
110 1 0 0 0 0 0 1 0 0
111 1 0 0 1 0 0 0 0 0
113 15 1 1 5 0 0 2 0 0
114 1 0 0 0 0 0 1 0 0
115 9 1 1 2 0 0 2 0 0
116 8 1 1 2 0 0 1 0 0
119 8 0 0 6 0 0 0 0 0
fn=_IO_no_init
643 9 1 1 0 0 0 4 0 0
644 1 0 0 0 0 0 1 0 0
645 1 1 1 0 0 0 1 0 0
647 2 0 0 0 0 0 0 0 0
649 1 0 0 0 0 0 1 0 0
650 1 0 0 0 0 0 1 1 1
651 1 0 0 0 0 0 1 0 0
652 1 0 0 0 0 0 1 0 0
653 1 0 0 0 0 0 1 0 0
654 1 0 0 0 0 0 1 0 0
655 1 1 1 0 0 0 1 0 0
656 1 0 0 0 0 0 1 0 0
657 1 0 0 0 0 0 1 0 0
658 1 0 0 0 0 0 1 1 1
659 1 0 0 0 0 0 1 0 0
660 1 0 0 0 0 0 1 0 0
662 1 0 0 0 0 0 1 0 0
669 1 0 0 0 0 0 1 0 0
670 6 1 1 5 0 0 0 0 0
fn=_IO_old_init
610 2 0 0 0 0 0 1 0 0
611 1 0 0 0 0 0 1 0 0
612 1 0 0 0 0 0 1 1 1
613 1 0 0 0 0 0 1 0 0
614 1 0 0 0 0 0 1 0 0
615 1 0 0 0 0 0 1 0 0
616 1 0 0 0 0 0 1 0 0
617 1 1 1 0 0 0 1 0 0
618 1 0 0 0 0 0 1 0 0
619 1 0 0 0 0 0 1 0 0
620 1 0 0 0 0 0 1 0 0
622 1 0 0 0 0 0 1 0 0
623 1 0 0 0 0 0 1 0 0
624 1 0 0 0 0 0 1 0 0
625 1 0 0 0 0 0 1 0 0
626 2 2 2 0 0 0 1 0 0
631 3 0 0 1 0 0 0 0 0
632 4 0 0 1 0 0 3 1 1
fn=_IO_setb
399 5 1 1 0 0 0 2 0 0
400 4 0 0 2 0 0 0 0 0
402 1 0 0 0 0 0 1 0 0
403 1 0 0 0 0 0 1 0 0
405 6 0 0 0 0 0 1 0 0
408 4 0 0 3 0 0 0 0 0
fn=_IO_sputbackc
726 160004 1 1 0 0 0 80002 0 0
729 240006 0 0 160004 0 0 0 0 0
730 160004 0 0 80002 0 0 0 0 0
732 240006 1 1 0 0 0 80002 0 0
733 80002 0 0 0 0 0 0 0 0
739 80002 0 0 80002 0 0 0 0 0
742 160004 0 0 160004 0 0 0 0 0
fn=_IO_switch_to_get_mode
182 48 0 0 0 0 0 24 0 0
183 72 1 1 48 0 0 0 0 0
186 72 1 1 24 0 0 0 0 0
190 48 0 0 24 0 0 24 0 0
191 48 0 0 24 0 0 0 0 0
194 24 0 0 0 0 0 24 0 0
196 48 0 0 0 0 0 48 0 0
198 48 0 0 0 0 0 24 0 0
199 24 0 0 0 0 0 0 0 0
200 48 0 0 48 0 0 0 0 0
fn=__uflow
363 48 1 1 0 0 0 24 0 0
365 120 1 1 24 0 0 0 0 0
371 120 1 1 72 0 0 0 0 0
374 48 0 0 0 0 0 0 0 0
376 48 0 0 0 0 0 0 0 0
382 48 0 0 24 1 0 0 0 0
387 72 2 2 24 0 0 0 0 0
389 96 0 0 48 1 0 0 0 0
390 24 0 0 24 0 0 0 0 0
fl=/build/buildd/eglibc-2.19/libio/iofopen.c
fn=__fopen_internal
65 8 1 1 0 0 0 4 0 0
73 3 1 1 0 0 0 1 0 0
75 2 0 0 0 0 0 0 0 0
78 2 0 0 0 0 0 1 1 1
81 6 0 0 0 0 0 1 0 0
85 2 1 1 0 0 0 1 0 0
86 2 0 0 0 0 0 1 0 0
90 7 0 0 0 0 0 1 0 0
91 2 0 0 0 0 0 0 0 0
96 5 0 0 4 1 0 0 0 0
fn=__fopen_maybe_mmap
40 1 0 0 0 0 0 0 0 0
42 2 1 1 1 0 0 0 0 0
57 1 0 0 1 0 0 0 0 0
fn=fopen@@GLIBC_2.2.5
103 2 1 1 0 0 0 0 0 0
fl=/build/buildd/eglibc-2.19/malloc/arena.c
fn=_int_free
674 327 0 0 218 218 0 109 0 0
675 109 0 0 0 0 0 0 0 0
680 545 0 0 0 0 0 0 0 0
713 218 1 1 0 0 0 0 0 0
714 763 0 0 218 0 0 0 0 0
715 218 0 0 0 0 0 0 0 0
fn=_int_malloc
610 8 0 0 2 0 0 0 0 0
611 2 0 0 0 0 0 0 0 0
612 4 0 0 0 0 0 0 0 0
615 8 1 0 2 0 0 0 0 0
617 26 1 1 4 0 0 10 0 0
622 10 0 0 6 0 0 2 0 0
625 2 0 0 0 0 0 2 0 0
fn=arena_get2.isra.3
741 8 1 1 2 0 0 2 0 0
743 4 0 0 0 0 0 0 0 0
752 8 0 0 0 0 0 2 0 0
755 6 0 0 2 0 0 4 2 2
756 2 0 0 2 0 0 0 0 0
759 2 0 0 0 0 0 0 0 0
760 2 0 0 0 0 0 0 0 0
761 4 0 0 0 0 0 0 0 0
762 4 1 1 0 0 0 0 0 0
763 2 0 0 0 0 0 2 2 2
764 8 0 0 0 0 0 2 0 0
767 4 0 0 2 0 0 2 0 0
768 2 0 0 0 0 0 2 0 0
769 14 1 1 4 0 0 0 0 0
771 14 0 0 4 0 0 0 0 0
774 4 1 1 2 0 0 2 0 0
776 2 0 0 0 0 0 2 0 0
778 10 0 0 6 0 0 0 0 0
790 4 1 1 2 0 0 0 0 0
851 10 1 1 0 0 0 4 0 0
861 6 2 2 2 2 1 0 0 0
863 6 0 0 2 2 0 0 0 0
865 10 0 0 4 2 0 0 0 0
886 6 0 0 0 0 0 0 0 0
888 14 1 1 4 0 0 0 0 0
891 4 0 0 0 0 0 0 0 0
898 10 0 0 6 0 0 0 0 0
fn=malloc_hook_ini
373 3 1 1 1 1 1 0 0 0
fn=new_heap
527 6 0 0 0 0 0 6 1 1
528 6 1 1 4 0 0 0 0 0
533 6 0 0 0 0 0 0 0 0
535 4 1 1 0 0 0 0 0 0
541 6 0 0 0 0 0 0 0 0
548 6 0 0 2 0 0 0 0 0
561 14 1 1 0 0 0 2 0 0
562 4 0 0 0 0 0 0 0 0
564 4 0 0 0 0 0 0 0 0
567 6 1 1 0 0 0 0 0 0
568 5 1 1 0 0 0 1 0 0
570 2 0 0 0 0 0 1 0 0
571 8 0 0 0 0 0 2 0 0
588 12 1 1 0 0 0 2 0 0
594 2 0 0 0 0 0 2 2 2
595 2 0 0 0 0 0 2 0 0
598 2 0 0 0 0 0 0 0 0
599 8 0 0 8 0 0 0 0 0
fn=ptmalloc_init.part.7
334 225 0 0 75 10 0 0 0 0
336 148 0 0 74 36 0 0 0 0
337 2 0 0 1 0 0 0 0 0
338 2 0 0 1 0 0 0 0 0
352 74 0 0 0 0 0 0 0 0
371 6 1 1 0 0 0 5 0 0
376 1 0 0 0 0 0 1 0 0
384 2 0 0 1 0 0 0 0 0
385 7 2 2 0 0 0 1 0 0
386 4 0 0 2 0 0 0 0 0
391 3 1 1 1 1 0 1 1 0
392 12 1 1 1 1 0 6 2 2
394 5 0 0 2 1 0 0 0 0
410 2 1 1 0 0 0 0 0 0
455 2 0 0 0 0 0 0 0 0
461 2 0 0 2 1 1 0 0 0
462 2 0 0 0 0 0 0 0 0
464 1 0 0 0 0 0 1 1 0
465 7 0 0 6 0 0 0 0 0
fl=/build/buildd/eglibc-2.19/malloc/hooks.c
fn=malloc_hook_ini
29 4 0 0 1 1 0 2 0 0
30 2 1 1 1 0 0 1 0 0
32 1 0 0 0 0 0 0 0 0
33 1 0 0 0 0 0 0 0 0
fl=/build/buildd/eglibc-2.19/malloc/malloc.c
fn=_int_free
1869 657 1 1 219 110 0 0 0 0
3814 1971 1 1 0 0 0 1533 0 0
3827 657 0 0 219 0 0 0 0 0
3833 876 1 1 0 0 0 0 0 0
3834 438 0 0 0 0 0 0 0 0
3845 876 0 0 0 0 0 0 0 0
3858 657 0 0 219 110 0 0 0 0
3869 440 1 1 110 0 0 0 0 0
3870 330 0 0 110 1 0 0 0 0
3894 110 0 0 0 0 0 0 0 0
3896 330 1 1 330 109 0 0 0 0
3897 220 0 0 0 0 0 0 0 0
3898 220 0 0 0 0 0 0 0 0
3901 110 0 0 110 0 0 0 0 0
3902 440 0 0 0 0 0 0 0 0
3907 330 0 0 110 0 0 0 0 0
3916 220 1 1 0 0 0 0 0 0
3918 110 0 0 0 0 0 110 0 0
3920 660 0 0 220 0 0 0 0 0
3922 220 0 0 0 0 0 0 0 0
3933 218 0 0 0 0 0 0 0 0
3934 327 0 0 109 0 0 0 0 0
3943 872 2 2 327 109 0 0 0 0
3945 218 0 0 0 0 0 109 0 0
3948 109 0 0 0 0 0 0 0 0
3952 327 1 1 109 109 0 0 0 0
3958 218 0 0 109 0 0 0 0 0
3966 327 0 0 109 0 0 0 0 0
3972 218 0 0 0 0 0 0 0 0
3973 218 0 0 0 0 0 0 0 0
3974 218 0 0 109 109 0 0 0 0
3983 218 0 0 109 0 0 0 0 0
3990 218 1 1 109 0 0 0 0 0
3995 218 0 0 109 0 0 0 0 0
3999 218 1 1 109 0 0 0 0 0
4007 109 0 0 0 0 0 0 0 0
4008 109 1 1 109 109 0 0 0 0
4009 218 0 0 109 0 0 0 0 0
4014 109 1 1 0 0 0 109 0 0
4015 109 0 0 0 0 0 109 0 0
4016 218 0 0 0 0 0 0 0 0
4018 109 0 0 0 0 0 109 0 0
4019 109 0 0 0 0 0 109 0 0
4021 109 0 0 0 0 0 109 0 0
4022 109 0 0 0 0 0 109 0 0
4024 327 0 0 0 0 0 109 0 0
4025 109 0 0 0 0 0 109 0 0
4055 218 0 0 0 0 0 0 0 0
4056 218 1 1 109 0 0 0 0 0
4059 327 0 0 0 0 0 0 0 0
4068 327 0 0 109 0 0 0 0 0
4070 327 0 0 109 0 0 0 0 0
4071 218 1 1 109 109 0 109 0 0
4075 327 1 1 109 0 0 0 0 0
4076 327 0 0 109 0 0 0 0 0
4077 545 0 0 327 0 0 0 0 0
4087 1752 1 1 1533 0 0 0 0 0
5000 109 1 1 109 0 0 0 0 0
fn=_int_malloc
1862 699 0 0 233 116 1 0 0 0
2271 25 0 0 10 6 0 10 0 0
2272 6 1 1 0 0 0 0 0 0
2282 16 0 0 9 4 1 0 0 0
2297 10 0 0 4 0 0 0 0 0
2303 4 0 0 0 0 0 0 0 0
2305 16 2 1 0 0 0 4 0 0
2307 6 0 0 2 0 0 0 0 0
2322 6 0 0 0 0 0 0 0 0
2337 6 0 0 0 0 0 2 2 2
2342 6 1 1 4 0 0 0 0 0
2343 10 0 0 4 0 0 0 0 0
2346 6 0 0 4 0 0 0 0 0
2347 10 1 1 4 0 0 0 0 0
2360 3 0 0 0 0 0 0 0 0
2369 20 2 2 2 0 0 0 0 0
2375 4 0 0 2 0 0 0 0 0
2378 9 1 1 0 0 0 0 0 0
2384 4 1 1 0 0 0 0 0 0
2385 2 0 0 2 0 0 0 0 0
2386 8 0 0 2 0 0 0 0 0
2389 10 0 0 2 0 0 2 0 0
2390 2 0 0 2 1 0 0 0 0
2391 8 0 0 0 0 0 2 0 0
2433 2 1 1 1 0 0 0 0 0
2442 5 0 0 1 0 0 0 0 0
2452 9 1 1 1 0 0 2 0 0
2460 2 0 0 0 0 0 0 0 0
2462 6 0 0 3 1 0 2 0 0
2466 5 0 0 2 0 0 0 0 0
2469 2 1 1 2 0 0 0 0 0
2470 2 0 0 0 0 0 0 0 0
2489 1 0 0 0 0 0 0 0 0
2516 2 0 0 1 1 1 0 0 0
2517 1 0 0 0 0 0 1 0 0
2518 3 0 0 1 0 0 1 0 0
2524 2 1 1 0 0 0 0 0 0
2527 8 3 3 1 0 0 0 0 0
2569 6 2 2 0 0 0 0 0 0
2588 1 0 0 0 0 0 0 0 0
2591 2 0 0 0 0 0 0 0 0
2592 7 1 1 2 0 0 0 0 0
2594 2 0 0 0 0 0 0 0 0
2595 4 0 0 2 0 0 2 0 0
2607 3 0 0 1 0 0 0 0 0
2615 2 1 1 2 0 0 0 0 0
2616 3 0 0 1 0 0 0 0 0
2654 1 0 0 0 0 0 1 0 0
2655 5 0 0 0 0 0 1 1 1
2656 2 0 0 0 0 0 1 0 0
2667 2 1 1 0 0 0 0 0 0
2700 6 1 1 3 0 0 0 0 0
2701 3 1 1 0 0 0 3 0 0
2706 6 0 0 3 0 0 0 0 0
2709 6 0 0 3 0 0 0 0 0
2711 3 0 0 0 0 0 0 0 0
2712 3 0 0 0 0 0 0 0 0
2713 3 0 0 0 0 0 3 0 0
2714 24 0 0 0 0 0 3 0 0
2715 6 0 0 0 0 0 3 3 3
2717 3 0 0 0 0 0 0 0 0
3302 1864 1 1 0 0 0 1631 449 2
3332 2330 0 0 0 0 0 0 0 0
3340 466 1 1 233 117 1 0 0 0
3342 345 0 0 0 0 0 0 0 0
3343 345 0 0 0 0 0 0 0 0
3344 115 0 0 115 0 0 0 0 0
3348 230 0 0 0 0 0 0 0 0
3377 466 2 2 0 0 0 0 0 0
3379 236 0 0 0 0 0 0 0 0
3380 236 0 0 0 0 0 0 0 0
3382 354 0 0 118 117 1 0 0 0
3384 2 0 0 0 0 0 0 0 0
3421 2645 3 3 0 0 0 0 0 0
3422 230 0 0 115 0 0 0 0 0
3423 444 1 1 111 0 0 222 0 0
3442 1165 1 1 233 4 0 0 0 0
3576 466 1 1 0 0 0 0 0 0
3578 230 1 1 0 0 0 0 0 0
3581 345 0 0 115 112 0 0 0 0
3649 233 0 0 0 0 0 0 0 0
3650 466 0 0 0 0 0 0 0 0
3651 466 0 0 0 0 0 0 0 0
3652 466 0 0 233 116 0 0 0 0
3653 466 0 0 0 0 0 0 0 0
3658 1398 1 1 0 0 0 0 0 0
3662 1641 1 1 0 0 0 0 0 0
3665 1412 0 0 353 115 0 0 0 0
3765 233 0 0 233 0 0 0 0 0
3766 699 0 0 233 0 0 0 0 0
3768 699 1 1 0 0 0 0 0 0
3770 228 0 0 0 0 0 0 0 0
3771 228 0 0 0 0 0 0 0 0
3772 228 0 0 0 0 0 228 0 0
3773 1824 2 2 0 0 0 228 0 0
3775 456 0 0 0 0 0 228 6 6
3778 228 0 0 0 0 0 0 0 0
3785 10 0 0 5 0 0 0 0 0
3790 932 0 0 0 0 0 233 0 0
3792 5825 1 1 0 0 0 2330 448 1
3801 10 0 0 0 0 0 0 0 0
3806 2097 1 1 1631 0 0 0 0 0
4990 932 0 0 0 0 0 466 0 0
4992 699 2 2 233 0 0 233 0 0
5000 5 1 1 0 0 0 5 0 0
fn=arena_get2.isra.3
1785 508 0 0 0 0 0 0 0 0
1788 762 0 0 0 0 0 508 64 64
1792 6 1 1 0 0 0 0 0 0
1794 2 0 0 2 0 0 0 0 0
1797 2 0 0 2 0 0 0 0 0
fn=calloc
3161 1160 1 1 0 0 0 928 3 2
3171 464 0 0 0 0 0 0 0 0
3174 1160 1 1 0 0 0 0 0 0
3184 464 0 0 464 342 0 0 0 0
3185 464 0 0 0 0 0 0 0 0
3197 2542 1 1 924 681 0 2 0 0
3198 4 0 0 0 0 0 0 0 0
3204 232 0 0 232 117 0 0 0 0
3205 464 0 0 232 5 0 0 0 0
3212 696 0 0 0 0 0 0 0 0
3214 452 0 0 0 0 0 0 0 0
3215 904 0 0 226 0 0 0 0 0
3219 928 1 1 0 0 0 232 0 0
3222 2985 0 0 457 0 0 0 0 0
3238 1156 1 1 692 0 0 0 0 0
3239 230 0 0 0 0 0 0 0 0
3242 696 0 0 232 0 0 0 0 0
3244 8 0 0 2 0 0 0 0 0
3250 230 0 0 0 0 0 0 0 0
3253 1510 1 1 230 0 0 0 0 0
3264 230 0 0 0 0 0 0 0 0
3265 460 0 0 0 0 0 0 0 0
3266 460 0 0 0 0 0 0 0 0
3268 460 1 1 0 0 0 0 0 0
3269 345 1 1 0 0 0 0 0 0
3273 115 0 0 0 0 0 115 0 0
3274 115 0 0 0 0 0 115 0 0
3275 230 0 0 0 0 0 115 0 0
3276 230 0 0 0 0 0 0 0 0
3278 1 0 0 0 0 0 1 0 0
3279 1 0 0 0 0 0 1 0 0
3280 2 0 0 0 0 0 0 0 0
3282 1 0 0 0 0 0 1 0 0
3283 1 0 0 0 0 0 1 0 0
3284 2 0 0 0 0 0 0 0 0
3286 1 0 0 0 0 0 1 0 0
3287 2 0 0 0 0 0 1 0 0
3294 1277 1 1 1045 0 0 0 0 0
fn=free
2807 3 1 1 1 0 0 0 0 0
2808 1 0 0 0 0 0 0 0 0
2814 7 0 0 2 1 0 0 0 0
2821 1 0 0 2 0 0 0 0 0
2822 3 0 0 2 0 0 0 0 0
2827 2 1 1 0 0 0 0 0 0
2917 440 1 1 440 220 0 0 0 0
2918 440 1 1 0 0 0 0 0 0
2924 440 0 0 0 0 0 0 0 0
2927 220 0 0 0 0 0 0 0 0
2929 660 0 0 220 0 0 0 0 0
2932 3 1 1 1 1 0 0 0 0
2933 2 0 0 1 1 0 0 0 0
2934 2 0 0 0 0 0 0 0 0
2936 2 0 0 0 0 0 1 0 0
2937 3 0 0 0 0 0 1 0 0
2945 1314 0 0 219 110 0 0 0 0
2946 438 0 0 0 0 0 0 0 0
fn=malloc
2876 8 1 1 0 0 0 4 0 0
2881 4 0 0 4 3 0 0 0 0
2882 4 0 0 0 0 0 0 0 0
2883 2 1 1 1 0 0 0 0 0
2885 2 0 0 2 0 0 0 0 0
2887 8 1 1 2 1 0 0 0 0
2891 4 0 0 0 0 0 1 0 0
2892 2 0 0 0 0 0 0 0 0
2903 4 1 1 2 0 0 0 0 0
2904 8 0 0 1 0 0 0 0 0
2907 8 1 1 6 0 0 0 0 0
fn=malloc_consolidate
1785 381 0 0 0 0 0 0 0 0
1788 381 0 0 0 0 0 254 31 31
1792 3 1 1 0 0 0 0 0 0
1796 3 1 1 1 0 0 1 0 0
1797 2 0 0 0 0 0 1 0 0
1799 1 0 0 0 0 0 1 1 1
4104 888 2 1 0 0 0 666 110 1
4126 225 0 0 111 0 0 0 0 0
4127 330 0 0 330 0 0 0 0 0
4129 110 0 0 0 0 0 0 0 0
4139 110 0 0 0 0 0 0 0 0
4140 110 0 0 0 0 0 0 0 0
4142 2200 0 0 2200 0 0 0 0 0
4143 3190 0 0 0 0 0 0 0 0
4146 110 0 0 110 0 0 0 0 0
4149 330 1 1 110 0 0 0 0 0
4150 110 0 0 0 0 0 0 0 0
4151 220 0 0 110 0 0 0 0 0
4153 220 0 0 0 0 0 0 0 0
4154 109 0 0 109 0 0 0 0 0
4155 109 0 0 0 0 0 0 0 0
4156 109 0 0 0 0 0 0 0 0
4157 1417 0 0 654 0 0 218 0 0
4160 220 1 1 110 0 0 0 0 0
4185 110 1 1 0 0 0 0 0 0
4186 220 0 0 0 0 0 110 0 0
4187 110 0 0 0 0 0 110 0 0
4190 330 0 0 0 0 0 0 0 0
4193 4400 0 0 0 0 0 0 0 0
4199 888 0 0 777 0 0 0 0 0
4990 550 0 0 0 0 0 220 0 0
4992 220 1 1 110 0 0 110 109 1
4996 1 1 1 0 0 0 0 0 0
fl=/build/buildd/eglibc-2.19/malloc/morecore.c
fn=__default_morecore
46 2 1 1 0 0 0 0 0 0
47 2 0 0 0 0 0 2 0 0
49 6 0 0 0 0 0 0 0 0
52 6 0 0 2 0 0 0 0 0
fl=/build/buildd/eglibc-2.19/misc/../sysdeps/unix/syscall-template.S
fn=mmap
81 95 2 2 0 0 0 0 0 0
82 19 0 0 19 0 0 0 0 0
fn=mprotect
81 56 2 2 0 0 0 0 0 0
82 14 0 0 14 0 0 0 0 0
fn=munmap
81 20 0 0 0 0 0 0 0 0
82 5 0 0 5 0 0 0 0 0
fl=/build/buildd/eglibc-2.19/misc/../sysdeps/unix/sysv/linux/getpagesize.c
fn=getpagesize
29 12 1 1 6 2 0 0 0 0
31 3 0 0 3 0 0 0 0 0
fl=/build/buildd/eglibc-2.19/misc/../sysdeps/unix/sysv/linux/x86_64/brk.c
fn=brk
28 2 0 0 0 0 0 0 0 0
31 16 1 1 2 0 0 2 0 0
33 4 0 0 0 0 0 0 0 0
39 2 0 0 0 0 0 0 0 0
40 2 0 0 2 0 0 0 0 0
fl=/build/buildd/eglibc-2.19/misc/../sysdeps/unix/sysv/linux/x86_64/clone.S
fn=clone
55 2 1 1 0 0 0 0 0 0
56 2 0 0 0 0 0 0 0 0
57 2 0 0 0 0 0 0 0 0
58 2 0 0 0 0 0 0 0 0
59 2 0 0 0 0 0 0 0 0
62 2 0 0 0 0 0 0 0 0
63 2 0 0 0 0 0 2 2 2
67 2 0 0 0 0 0 2 0 0
70 2 0 0 0 0 0 0 0 0
71 2 0 0 0 0 0 0 0 0
72 2 0 0 0 0 0 0 0 0
73 2 0 0 2 0 0 0 0 0
74 2 0 0 0 0 0 0 0 0
79 2 1 1 0 0 0 0 0 0
81 4 0 0 0 0 0 0 0 0
82 4 0 0 0 0 0 0 0 0
83 4 0 0 0 0 0 0 0 0
85 2 0 0 2 2 0 0 0 0
93 2 0 0 0 0 0 0 0 0
96 2 0 0 0 0 0 0 0 0
97 2 0 0 0 0 0 0 0 0
109 2 0 0 2 0 0 0 0 0
110 2 0 0 2 0 0 0 0 0
111 2 0 0 0 0 0 2 0 0
fl=/build/buildd/eglibc-2.19/misc/init-misc.c
fn=__init_misc
30 4 1 1 0 0 0 2 0 0
31 5 0 0 1 0 0 0 0 0
33 3 0 0 0 0 0 1 0 0
37 5 0 0 1 1 0 1 1 0
38 3 1 1 2 0 0 1 0 0
40 4 0 0 3 0 0 0 0 0
fl=/build/buildd/eglibc-2.19/misc/sbrk.c
fn=sbrk
34 8 1 1 0 0 0 6 0 0
42 11 0 0 5 3 1 0 0 0
43 6 1 1 1 0 0 1 0 0
46 4 0 0 0 0 0 0 0 0
50 4 0 0 0 0 0 0 0 0
53 3 0 0 0 0 0 1 0 0
57 10 0 0 8 0 0 0 0 0
fl=/build/buildd/eglibc-2.19/nptl/../csu/errno-loc.c
fn=__errno_location
26 4 1 1 4 0 0 0 0 0
27 2 0 0 2 0 0 0 0 0
fl=/build/buildd/eglibc-2.19/nptl/../nptl/pthread_mutex_lock.c
fn=pthread_mutex_lock
63 2 1 1 0 0 0 0 0 0
66 3 0 0 1 0 0 0 0 0
70 3 0 0 0 0 0 0 0 0
74 2 0 0 0 0 0 0 0 0
83 2 1 1 0 0 0 0 0 0
94 4 0 0 0 0 0 0 0 0
98 1 0 0 1 0 0 0 0 0
101 2 1 1 1 0 0 0 0 0
114 5 0 0 1 0 0 0 0 0
116 2 0 0 1 0 0 0 0 0
117 2 0 0 0 0 0 1 0 0
158 1 0 0 1 0 0 0 0 0
161 1 0 0 0 0 0 1 0 0
163 1 0 0 1 0 0 0 0 0
168 1 0 0 0 0 0 0 0 0
169 2 0 0 1 0 0 0 0 0
fl=/build/buildd/eglibc-2.19/nptl/../nptl/sysdeps/pthread/createthread.c
fn=do_clone.constprop.3
51 14 1 1 0 0 0 6 0 0
59 8 0 0 0 0 0 0 0 0
73 2 0 0 4 0 0 0 0 0
75 18 1 1 0 0 0 4 0 0
78 4 0 0 0 0 0 0 0 0
96 4 0 0 0 0 0 0 0 0
140 2 0 0 0 0 0 2 2 0
142 2 0 0 0 0 0 0 0 0
143 10 0 0 8 0 0 0 0 0
fn=pthread_create@@GLIBC_2.2.5
151 4 0 0 2 0 0 0 0 0
186 8 1 1 2 0 0 0 0 0
237 2 0 0 0 0 0 0 0 0
238 6 0 0 2 0 0 0 0 0
239 6 1 1 2 0 0 0 0 0
240 2 0 0 0 0 0 0 0 0
241 2 0 0 0 0 0 2 0 0
242 4 0 0 2 0 0 2 0 0
245 8 0 0 0 0 0 2 0 0
248 8 1 1 0 0 0 0 0 0
fl=/build/buildd/eglibc-2.19/nptl/../nptl/sysdeps/pthread/list.h
fn=__pthread_initialize_minimal
60 2 0 0 0 0 0 1 0 0
61 1 0 0 0 0 0 1 0 0
62 1 1 1 0 0 0 1 0 0
64 1 0 0 0 0 0 1 0 0
fn=pthread_create@@GLIBC_2.2.5
60 4 0 0 2 0 0 2 0 0
61 4 0 0 0 0 0 2 0 0
62 2 0 0 0 0 0 2 1 0
64 2 0 0 0 0 0 2 0 0
fl=/build/buildd/eglibc-2.19/nptl/../nptl/sysdeps/unix/sysv/linux/libc_pthread_init.c
fn=__libc_pthread_init
42 2 1 1 0 0 0 1 0 0
44 1 0 0 0 0 0 1 1 1
47 6 1 1 0 0 0 1 0 0
66 164 0 0 0 0 0 0 0 0
68 54 0 0 54 1 0 0 0 0
69 108 0 0 54 0 0 0 0 0
70 54 0 0 0 0 0 54 6 6
72 1 1 1 0 0 0 1 0 0
78 3 0 0 2 0 0 0 0 0
fl=/build/buildd/eglibc-2.19/nptl/../nptl/sysdeps/unix/sysv/linux/register-atfork.c
fn=__linkin_atfork
116 2 1 1 1 1 0 1 0 0
117 6 1 1 2 1 0 0 0 0
119 1 0 0 1 0 0 0 0 0
fn=__register_atfork
44 2 0 0 0 0 0 0 0 0
51 2 0 0 0 0 0 0 0 0
52 3 0 0 1 1 1 0 0 0
71 3 1 1 0 0 0 0 0 0
72 1 0 0 0 0 0 1 0 0
73 1 0 0 0 0 0 1 0 0
86 7 1 1 0 0 0 3 0 0
88 6 1 1 2 2 2 0 0 0
95 1 0 0 0 0 0 1 0 0
96 1 0 0 0 0 0 1 0 0
97 1 0 0 0 0 0 1 0 0
98 2 0 0 0 0 0 1 0 0
104 4 0 0 2 0 0 0 0 0
106 3 0 0 0 0 0 0 0 0
107 5 1 1 4 0 0 0 0 0
116 2 0 0 1 0 0 1 0 0
117 6 1 1 2 0 0 0 0 0
fl=/build/buildd/eglibc-2.19/nptl/../nptl/sysdeps/unix/sysv/linux/x86/elision-conf.c
fn=elision_init
64 1 1 1 0 0 0 0 0 0
65 5 0 0 1 0 0 2 0 0
69 2 0 0 1 0 0 0 0 0
fl=/build/buildd/eglibc-2.19/nptl/../nptl/sysdeps/unix/sysv/linux/x86_64/cancellation.S
fn=__pthread_enable_asynccancel
57 1 1 1 1 1 0 0 0 0
58 1 0 0 0 0 0 0 0 0
59 1 0 0 0 0 0 0 0 0
60 1 0 0 0 0 0 0 0 0
61 1 0 0 0 0 0 0 0 0
63 1 0 0 1 0 0 0 0 0
65 1 1 1 0 0 0 0 0 0
67 1 0 0 0 0 0 0 0 0
68 1 0 0 0 0 0 0 0 0
69 1 0 0 0 0 0 0 0 0
71 1 0 0 1 0 0 0 0 0
fl=/build/buildd/eglibc-2.19/nptl/../sysdeps/unix/sysv/linux/bits/sigset.h
fn=__pthread_initialize_minimal
117 2 1 1 1 0 0 0 0 0
fl=/build/buildd/eglibc-2.19/nptl/../sysdeps/unix/sysv/linux/x86_64/sigaction.c
fn=__libc_sigaction
49 4 1 1 0 0 0 0 0 0
53 4 0 0 0 0 0 0 0 0
55 4 0 0 2 0 0 2 0 0
56 64 2 2 32 0 0 32 2 0
57 8 1 1 2 0 0 2 0 0
59 4 0 0 0 0 0 2 0 0
64 32 1 1 0 0 0 0 0 0
67 8 0 0 0 0 0 0 0 0
75 4 0 0 2 0 0 0 0 0
fl=/build/buildd/eglibc-2.19/nptl/../sysdeps/x86_64/multiarch/init-arch.c
fn=__get_cpu_features
31 7 1 1 0 0 0 4 0 0
37 3 0 0 0 0 0 0 0 0
38 3 0 0 0 0 0 0 0 0
39 2 0 0 0 0 0 0 0 0
54 3 0 0 0 0 0 1 0 0
57 6 1 1 0 0 0 0 0 0
59 4 0 0 0 0 0 0 0 0
65 3 0 0 0 0 0 0 0 0
66 2 0 0 0 0 0 0 0 0
71 2 0 0 0 0 0 0 0 0
74 12 1 1 0 0 0 0 0 0
101 2 1 1 0 0 0 0 0 0
123 1 0 0 1 1 1 0 0 0
152 2 1 1 1 0 0 0 0 0
153 7 0 0 0 0 0 4 0 0
160 3 1 1 1 0 0 0 0 0
164 2 0 0 0 0 0 0 0 0
166 3 0 0 0 0 0 0 0 0
170 2 0 0 0 0 0 0 0 0
171 1 0 0 1 0 0 0 0 0
173 2 0 0 0 0 0 0 0 0
176 2 0 0 1 0 0 0 0 0
184 6 3 3 0 0 0 0 0 0
185 4 0 0 0 0 0 0 0 0
186 2 0 0 0 0 0 0 0 0
189 1 0 0 0 0 0 1 0 0
190 1 0 0 0 0 0 1 0 0
192 1 0 0 0 0 0 1 0 0
199 1 0 0 0 0 0 1 0 0
200 3 1 1 1 1 1 0 0 0
204 3 0 0 2 0 0 0 0 0
fl=/build/buildd/eglibc-2.19/nptl/allocatestack.c
fn=pthread_create@@GLIBC_2.2.5
154 6 0 0 0 0 0 2 0 0
162 2 1 1 0 0 0 2 0 0
179 8 0 0 2 2 1 0 0 0
187 8 0 0 2 2 0 0 0 0
212 4 0 0 4 0 0 0 0 0
353 6 0 0 0 0 0 2 0 0
356 6 1 1 0 0 0 0 0 0
361 6 0 0 2 0 0 0 0 0
371 6 1 1 2 0 0 0 0 0
475 20 1 1 8 4 0 2 0 0
486 4 0 0 2 2 0 0 0 0
487 4 0 0 0 0 0 0 0 0
491 14 0 0 2 0 0 2 1 0
492 4 1 1 0 0 0 0 0 0
493 6 0 0 2 0 0 0 0 0
494 2 0 0 0 0 0 0 0 0
509 10 0 0 0 0 0 2 0 0
513 14 1 1 2 0 0 4 0 0
516 6 0 0 2 0 0 0 0 0
521 4 0 0 2 0 0 0 0 0
548 8 1 1 4 0 0 2 0 0
557 2 0 0 0 0 0 2 2 2
558 2 0 0 0 0 0 2 0 0
563 4 0 0 0 0 0 2 2 2
566 2 0 0 0 0 0 2 2 2
568 6 0 0 2 2 0 4 3 0
583 2 1 1 0 0 0 2 2 2
586 4 0 0 2 1 0 2 2 2
589 10 0 0 2 0 0 2 0 0
602 8 1 1 2 0 0 0 0 0
605 2 0 0 0 0 0 0 0 0
607 4 0 0 4 0 0 0 0 0
614 4 0 0 2 0 0 0 0 0
641 6 1 1 4 0 0 0 0 0
650 12 1 1 4 0 0 2 0 0
706 8 2 2 2 0 0 4 0 0
711 4 1 1 2 0 0 2 0 0
716 2 0 0 0 0 0 2 0 0
721 2 0 0 0 0 0 2 0 0
724 2 0 0 0 0 0 2 0 0
726 4 1 1 0 0 0 2 0 0
728 2 0 0 0 0 0 2 0 0
735 6 0 0 2 0 0 0 0 0
fl=/build/buildd/eglibc-2.19/nptl/cleanup_compat.c
fn=_pthread_cleanup_push
31 1 1 1 0 0 0 1 0 0
32 1 0 0 0 0 0 1 0 0
33 2 0 0 1 1 0 1 0 0
35 2 0 0 1 0 0 1 0 0
fl=/build/buildd/eglibc-2.19/nptl/cleanup_defer_compat.c
fn=_pthread_cleanup_pop_restore
68 80004 1 1 40002 0 0 40002 0 0
71 120006 0 0 40002 0 0 0 0 0
94 120006 0 0 40002 0 0 0 0 0
fn=_pthread_cleanup_push_defer
30 40002 1 1 0 0 0 40002 0 0
31 40002 0 0 0 0 0 40002 0 0
32 80004 0 0 40002 0 0 40002 0 0
34 40002 0 0 40002 1 0 0 0 0
37 120006 1 1 0 0 0 0 0 0
52 40002 0 0 0 0 0 40002 0 0
54 120006 0 0 0 0 0 0 0 0
56 80004 0 0 40002 0 0 40002 0 0
fl=/build/buildd/eglibc-2.19/nptl/nptl-init.c
fn=__pthread_initialize_minimal
281 4 2 2 0 0 0 3 0 0
295 1 0 0 1 0 0 0 0 0
297 5 0 0 0 0 0 2 1 0
298 2 0 0 0 0 0 1 1 0
299 1 0 0 0 0 0 1 1 0
303 3 1 1 2 0 0 1 0 0
308 2 0 0 0 0 0 1 0 0
310 1 0 0 0 0 0 1 0 0
312 1 0 0 0 0 0 1 0 0
315 3 0 0 0 0 0 0 0 0
340 1 1 1 0 0 0 1 0 0
346 8 0 0 0 0 0 1 0 0
349 2 0 0 0 0 0 0 0 0
350 2 0 0 0 0 0 0 0 0
351 2 0 0 0 0 0 1 1 1
358 3 1 1 2 1 0 1 1 0
361 2 0 0 0 0 0 1 1 1
362 1 0 0 0 0 0 0 0 0
366 2 0 0 1 1 0 1 0 0
372 2 1 1 0 0 0 1 0 0
373 1 0 0 0 0 0 1 0 0
374 22 0 0 0 0 0 16 0 0
376 4 0 0 0 0 0 1 1 0
379 2 0 0 0 0 0 1 0 0
380 1 0 0 0 0 0 1 0 0
382 4 0 0 0 0 0 1 0 0
389 6 0 0 0 0 0 0 0 0
395 3 0 0 0 0 0 1 0 0
398 3 0 0 1 0 0 0 0 0
400 3 2 2 0 0 0 1 0 0
402 6 1 1 1 0 0 1 0 0
407 5 1 1 0 0 0 1 0 0
408 3 0 0 1 0 0 0 0 0
412 1 0 0 0 0 0 0 0 0
415 3 0 0 0 0 0 0 0 0
419 2 0 0 2 0 0 0 0 0
420 5 0 0 1 0 0 0 0 0
425 4 1 1 0 0 0 1 0 0
426 4 0 0 1 0 0 0 0 0
427 2 0 0 1 0 0 1 1 1
428 3 0 0 2 0 0 1 1 1
429 2 1 1 2 0 0 0 0 0
433 5 0 0 2 0 0 3 0 0
434 2 0 0 1 0 0 1 0 0
438 2 1 1 0 0 0 1 1 0
439 2 0 0 0 0 0 1 0 0
440 1 0 0 1 1 0 0 0 0
441 1 0 0 0 0 0 1 0 0
442 2 0 0 0 0 0 0 0 0
443 1 0 0 0 0 0 0 0 0
445 2 0 0 0 0 0 1 0 0
448 2 0 0 0 0 0 1 0 0
450 2 0 0 0 0 0 1 0 0
454 1 0 0 0 0 0 1 0 0
456 4 1 1 0 0 0 1 0 0
460 1 0 0 0 0 0 1 0 0
461 5 0 0 4 0 0 0 0 0
fl=/build/buildd/eglibc-2.19/nptl/pthreadP.h
fn=pthread_attr_setstacksize
637 2 1 1 0 0 0 0 0 0
fl=/build/buildd/eglibc-2.19/nptl/pthread_attr_init.c
fn=pthread_attr_init@@GLIBC_2.2.5
35 2 1 1 0 0 0 1 0 0
41 24 1 1 0 0 0 7 0 0
47 3 0 0 0 0 0 2 0 0
50 3 0 0 2 0 0 0 0 0
fl=/build/buildd/eglibc-2.19/nptl/pthread_attr_setstacksize.c
fn=pthread_attr_setstacksize
44 1 0 0 0 0 0 1 0 0
46 1 0 0 0 0 0 0 0 0
47 1 0 0 1 0 0 0 0 0
fl=/build/buildd/eglibc-2.19/nptl/pthread_create.c
fn=pthread_create@@GLIBC_2.2.5
466 24 2 2 0 0 0 18 0 0
471 2 0 0 0 0 0 2 0 0
472 4 0 0 0 0 0 0 0 0
519 2 0 0 0 0 0 2 0 0
522 2 0 0 0 0 0 2 0 0
528 4 0 0 2 0 0 2 2 2
529 4 1 1 2 0 0 2 0 0
532 2 0 0 2 0 0 0 0 0
533 8 0 0 2 0 0 2 2 2
534 6 0 0 2 1 0 0 0 0
539 8 0 0 0 0 0 2 0 0
542 12 1 1 6 2 0 6 0 0
547 4 0 0 2 2 0 2 0 0
548 4 0 0 2 0 0 2 0 0
552 4 1 1 2 0 0 2 0 0
557 4 0 0 2 0 0 2 0 0
561 6 0 0 2 0 0 0 0 0
606 4 0 0 2 0 0 2 1 0
614 4 0 0 2 2 0 0 0 0
617 2 0 0 0 0 0 0 0 0
618 16 0 0 14 4 0 0 0 0
fn=start_thread
233 8 1 1 0 0 0 4 2 2
239 8 0 0 0 0 0 0 0 0
240 2 0 0 0 0 0 2 0 0
245 6 0 0 2 2 0 2 0 0
249 2 0 0 0 0 0 2 0 0
252 8 1 1 4 0 0 0 0 0
263 10 0 0 2 0 0 0 0 0
271 4 0 0 2 0 0 0 0 0
286 2 0 0 0 0 0 2 2 2
287 2 1 1 0 0 0 2 0 0
290 4 0 0 0 0 0 2 0 0
291 4 0 0 0 0 0 0 0 0
294 4 0 0 0 0 0 2 0 0
296 6 0 0 4 0 0 0 0 0
312 4 1 1 4 0 0 2 0 0
fl=/build/buildd/eglibc-2.19/nptl/pthread_join.c
fn=pthread_join
43 8 1 1 0 0 0 6 0 0
47 5 0 0 1 1 0 0 0 0
52 2 0 0 1 1 0 0 0 0
54 1 0 0 0 0 0 0 0 0
56 1 0 0 1 0 0 0 0 0
64 7 1 1 0 0 0 1 0 0
67 2 0 0 0 0 0 1 0 0
69 2 0 0 0 0 0 0 0 0
70 2 0 0 1 1 0 0 0 0
85 3 1 1 1 0 0 0 0 0
92 9 0 0 1 0 0 0 0 0
fl=/build/buildd/eglibc-2.19/nptl/pthread_mutex_unlock.c
fn=pthread_mutex_unlock
41 3 1 1 1 1 0 0 0 0
42 3 0 0 0 0 0 0 0 0
46 2 0 0 0 0 0 0 0 0
51 1 0 0 0 0 0 1 0 0
54 1 0 0 1 0 0 0 0 0
57 3 0 0 2 0 0 0 0 0
63 2 1 1 0 0 0 0 0 0
69 4 0 0 0 0 0 0 0 0
73 3 0 0 2 1 0 0 0 0
76 2 1 1 1 0 0 0 0 0
309 1 0 0 0 0 0 0 0 0
311 2 0 0 1 0 0 0 0 0
fl=/build/buildd/eglibc-2.19/posix/../sysdeps/unix/syscall-template.S
fn=uname
81 4 1 1 0 0 0 0 0 0
82 1 0 0 1 0 0 0 0 0
fl=/build/buildd/eglibc-2.19/resource/../sysdeps/unix/syscall-template.S
fn=getrlimit
81 4 1 1 0 0 0 0 0 0
82 1 0 0 1 0 0 0 0 0
fl=/build/buildd/eglibc-2.19/setjmp/../sysdeps/x86_64/bsd-_setjmp.S
fn=_setjmp
30 3 2 1 0 0 0 0 0 0
32 3 0 0 0 0 0 0 0 0
fl=/build/buildd/eglibc-2.19/setjmp/../sysdeps/x86_64/setjmp.S
fn=__sigsetjmp
26 9 2 2 0 0 0 9 0 0
35 9 0 0 0 0 0 0 0 0
36 18 1 1 9 0 0 0 0 0
37 9 0 0 0 0 0 9 0 0
41 9 0 0 0 0 0 9 0 0
42 9 0 0 0 0 0 9 1 1
43 9 0 0 0 0 0 9 0 0
44 9 0 0 0 0 0 9 0 0
45 9 0 0 0 0 0 0 0 0
47 18 0 0 9 0 0 0 0 0
49 9 0 0 0 0 0 9 0 0
50 9 2 1 9 0 0 0 0 0
53 18 0 0 9 0 0 0 0 0
55 9 0 0 0 0 0 9 0 0
59 6 0 0 0 0 0 0 0 0
60 6 0 0 6 0 0 0 0 0
64 3 0 0 0 0 0 0 0 0
fl=/build/buildd/eglibc-2.19/setjmp/sigjmp.c
fn=__sigjmp_save
28 6 0 0 0 0 0 3 0 0
29 12 0 0 0 0 0 3 0 0
34 9 0 0 6 0 0 0 0 0
fl=/build/buildd/eglibc-2.19/stdio-common/../libio/libioP.h
fn=__isoc99_fscanf
913 40001 0 0 40001 0 0 0 0 0
914 80002 0 0 40001 0 0 0 0 0
915 320008 1 1 160004 0 0 40001 0 0
fl=/build/buildd/eglibc-2.19/stdio-common/../nptl/sysdeps/pthread/allocalim.h
fn=_IO_vfscanf
28 96390 0 0 0 0 0 0 0 0
fl=/build/buildd/eglibc-2.19/stdio-common/isoc99_fscanf.c
fn=__isoc99_fscanf
26 400010 3 3 0 0 0 200005 0 0
30 640016 1 1 360009 0 0 40001 0 0
31 40001 0 0 40001 0 0 0 0 0
33 240006 1 1 0 0 0 160004 0 0
34 240006 0 0 0 0 0 40001 0 0
39 160004 0 0 80002 0 0 0 0 0
fl=/build/buildd/eglibc-2.19/stdio-common/vfscanf.c
fn=_IO_vfscanf
214 480012 2 2 0 0 0 320008 2 0
218 40001 0 0 0 0 0 40001 0 0
219 40001 0 0 0 0 0 0 0 0
220 40001 0 0 0 0 0 0 0 0
223 40001 0 0 0 0 0 0 0 0
225 120003 0 0 80002 1 0 40001 1 0
226 80002 0 0 40001 1 0 40001 0 0
230 40001 0 0 0 0 0 40001 0 0
250 40001 0 0 0 0 0 40001 0 0
262 40001 0 0 0 0 0 40001 0 0
263 40001 0 0 0 0 0 40001 0 0
264 40001 1 1 0 0 0 40001 0 0
265 40001 0 0 0 0 0 40001 0 0
269 40001 0 0 0 0 0 0 0 0
272 40001 0 0 0 0 0 40001 0 0
273 40001 0 0 0 0 0 40001 0 0
275 40001 1 1 0 0 0 40001 0 0
314 240006 1 1 120003 0 0 120003 0 0
320 200004 0 0 40001 0 0 1 0 0
323 200005 0 0 40001 0 0 0 0 0
327 80002 1 1 80002 0 0 0 0 0
335 80002 0 0 40001 1 0 40001 0 0
341 40001 0 0 40001 0 0 0 0 0
343 160004 0 0 40001 1 1 40001 0 0
358 840021 5 5 360009 1 0 80002 1 0
363 40001 0 0 0 0 0 40001 0 0
367 320008 1 1 80002 2 2 0 0 0
404 120003 0 0 0 0 0 0 0 0
429 80002 0 0 0 0 0 40001 0 0
430 80002 0 0 0 0 0 0 0 0
456 40001 1 1 40001 0 0 0 0 0
469 280007 1 1 80002 0 0 40001 0 0
472 32130 1 1 0 0 0 0 0 0
475 160004 2 2 40001 0 0 0 0 0
493 360009 3 3 40001 0 0 0 0 0
514 200005 0 0 0 0 0 40001 0 0
521 80002 0 0 0 0 0 40001 0 0
524 360011 3 3 40001 2 2 0 0 0
537 120000 1 1 40000 0 0 0 0 0
545 80000 0 0 40000 0 0 0 0 0
604 80002 0 0 0 0 0 0 0 0
609 240006 1 1 0 0 0 0 0 0
610 200005 0 0 0 0 0 0 0 0
613 80002 1 1 80002 0 0 0 0 0
614 240006 0 0 80002 0 0 40001 0 0
620 720108 3 3 240036 29 29 80045 0 0
623 360005 0 0 160002 3 1 0 0 0
624 80002 0 0 0 0 0 80002 0 0
625 400010 1 1 40001 0 0 120003 0 0
629 320008 0 0 40001 2 2 0 0 0
1385 1 0 0 0 0 0 0 0 0
1394 9 3 3 3 0 0 1 0 0
1399 4 0 0 0 0 0 0 0 0
1408 3 0 0 0 0 0 0 0 0
1431 2 0 0 0 0 0 0 0 0
1434 6 2 2 1 0 0 0 0 0
1720 16 0 0 0 0 0 0 0 0
1722 8 1 1 4 0 0 0 0 0
1724 3 1 1 0 0 0 0 0 0
1727 25 1 1 4 0 0 3 0 0
1729 13 1 1 6 0 0 2 0 0
1777 33 5 5 0 0 0 3 0 0
1779 12 0 0 0 0 0 0 0 0
1781 30 1 1 9 0 0 3 0 0
1784 2 0 0 0 0 0 0 0 0
1785 2 0 0 0 0 0 0 0 0
1811 11 1 1 2 0 0 3 0 0
1814 4 0 0 2 0 0 1 0 0
1824 3 0 0 1 0 0 0 0 0
1827 7 2 2 1 0 0 1 0 0
1829 4 1 1 2 0 0 0 0 0
1832 2 0 0 1 0 0 0 0 0
1834 2 0 0 0 0 0 0 0 0
1851 2 1 1 1 0 0 0 0 0
1853 2 0 0 1 0 0 0 0 0
1856 2 1 1 1 0 0 0 0 0
1857 13 2 2 4 0 0 2 0 0
1873 360000 1 1 120000 0 0 40000 0 0
1875 200000 1 1 80000 0 0 0 0 0
1876 80000 0 0 0 0 0 0 0 0
1879 32129 1 1 0 0 0 32129 0 0
1882 240000 0 0 0 0 0 0 0 0
1884 16039 0 0 0 0 0 16039 0 0
1885 160398 1 1 64152 11 11 16039 0 0
1889 80195 0 0 32078 0 0 0 0 0
1892 47922 1 1 0 0 0 23961 0 0
1895 240000 1 1 120000 1 1 0 0 0
1916 80000 0 0 0 0 0 0 0 0
1979 40000 0 0 0 0 0 40000 0 0
1980 103613 0 0 7871 0 0 0 0 0
1982 86581 3 3 23613 0 0 23613 0 0
1983 55099 0 0 23612 4 4 7871 0 0
1985 31484 1 1 7871 0 0 0 0 0
1986 55097 0 0 31484 0 0 0 0 0
2001 15742 0 0 0 0 0 7871 0 0
2006 216387 1 1 0 0 0 0 0 0
2008 257032 2 2 0 0 0 0 0 0
2011 360000 1 1 120000 0 0 40000 0 0
2013 546193 2 2 0 0 0 32129 0 0
2014 32129 0 0 0 0 0 32129 0 0
2019 160000 0 0 80000 0 0 0 0 0
2020 240000 1 1 160000 1 1 0 0 0
2044 280000 0 0 120000 0 0 40000 0 0
2046 80000 0 0 40000 0 0 0 0 0
2048 280000 2 2 120000 1 1 0 0 0
2059 80000 1 1 0 0 0 0 0 0
2077 360000 2 2 80000 0 0 120000 0 0
2096 80000 0 0 0 0 0 0 0 0
2108 400000 2 2 40000 0 0 120000 0 0
2115 385580 2 2 160645 19 19 32137 0 0
2119 160645 0 0 64258 0 0 0 0 0
2124 80000 1 1 40000 0 0 0 0 0
2156 80002 0 0 0 0 0 40001 0 0
2344 200000 1 1 40000 0 0 0 0 0
2350 160000 1 1 80000 0 0 40000 0 0
2351 80000 0 0 40000 0 0 0 0 0
2353 160000 0 0 40000 0 0 0 0 0
2357 80000 0 0 40000 0 0 0 0 0
2359 80000 1 1 40000 0 0 40000 0 0
2360 200000 0 0 80000 0 0 0 0 0
2361 616039 1 1 216039 1 1 80000 0 0
2370 80000 1 1 40000 0 0 0 0 0
2374 120003 0 0 40001 0 0 0 0 0
2590 80002 0 0 0 0 0 40001 0 0
2933 80002 0 0 0 0 0 0 0 0
2943 560014 3 3 240006 0 0 40001 0 0
2945 80002 0 0 40001 0 0 0 0 0
2948 120003 1 1 40001 0 0 0 0 0
2951 80002 0 0 40001 0 0 0 0 0
2968 120003 0 0 80002 0 0 0 0 0
2974 320008 1 1 280007 0 0 0 0 0
fl=/build/buildd/eglibc-2.19/stdlib/../include/rounding-mode.h
fn=round_and_return
46 160645 1 1 0 0 0 0 0 0
52 96387 0 0 0 0 0 0 0 0
fl=/build/buildd/eglibc-2.19/stdlib/../stdlib/strtol.c
fn=__strtoul_internal
97 3 0 0 2 0 0 0 0 0
fn=strtol
108 4 1 1 2 0 0 0 0 0
fl=/build/buildd/eglibc-2.19/stdlib/../stdlib/strtol_l.c
fn=____strtol_l_internal
232 9 1 1 0 0 0 7 0 0
246 1 0 0 1 0 0 0 0 0
252 1 0 0 0 0 0 0 0 0
258 2 1 1 0 0 0 0 0 0
279 1 0 0 0 0 0 0 0 0
280 1 0 0 0 0 0 0 0 0
289 4 0 0 0 0 0 0 0 0
298 6 0 0 3 2 1 0 0 0
300 2 1 1 0 0 0 0 0 0
304 1 0 0 0 0 0 1 0 0
305 2 0 0 0 0 0 0 0 0
310 2 0 0 0 0 0 0 0 0
314 2 0 0 0 0 0 0 0 0
324 2 0 0 0 0 0 0 0 0
331 3 1 1 0 0 0 0 0 0
334 5 2 2 0 0 0 0 0 0
376 1 0 0 0 0 0 0 0 0
379 3 0 0 1 1 1 0 0 0
380 3 0 0 1 1 1 1 0 0
382 1 0 0 0 0 0 0 0 0
383 1 0 0 0 0 0 0 0 0
384 1 0 0 0 0 0 0 0 0
438 7 0 0 1 0 0 0 0 0
440 3 0 0 0 0 0 0 0 0
442 3 0 0 0 0 0 0 0 0
456 2 1 1 0 0 0 1 0 0
470 3 1 1 0 0 0 0 0 0
473 4 0 0 0 0 0 0 0 0
478 2 0 0 0 0 0 0 0 0
479 2 0 0 0 0 0 0 0 0
484 2 1 1 0 0 0 0 0 0
489 3 0 0 1 0 0 0 0 0
490 1 0 0 0 0 0 1 0 0
495 2 0 0 0 0 0 0 0 0
496 3 1 1 0 0 0 0 0 0
498 3 0 0 1 0 0 0 0 0
513 1 0 0 0 0 0 0 0 0
531 8 1 1 7 0 0 0 0 0
fn=____strtoul_l_internal
232 9 1 1 0 0 0 7 1 0
246 1 0 0 1 0 0 0 0 0
252 1 0 0 0 0 0 0 0 0
258 2 1 1 0 0 0 0 0 0
279 1 0 0 0 0 0 0 0 0
280 1 0 0 0 0 0 0 0 0
289 4 0 0 0 0 0 0 0 0
298 6 0 0 3 0 0 0 0 0
300 2 1 1 0 0 0 0 0 0
304 1 0 0 0 0 0 1 0 0
305 2 0 0 0 0 0 0 0 0
310 2 0 0 0 0 0 0 0 0
314 2 0 0 0 0 0 0 0 0
324 2 0 0 0 0 0 0 0 0
331 3 1 1 0 0 0 0 0 0
334 5 1 1 0 0 0 0 0 0
376 1 0 0 0 0 0 0 0 0
379 3 0 0 1 1 0 0 0 0
380 3 0 0 1 1 0 1 0 0
382 1 0 0 0 0 0 0 0 0
383 1 0 0 0 0 0 0 0 0
384 1 0 0 0 0 0 0 0 0
438 17 0 0 3 0 0 0 0 0
440 9 1 1 0 0 0 0 0 0
442 9 0 0 0 0 0 0 0 0
456 2 1 1 0 0 0 1 0 0
470 9 1 1 0 0 0 0 0 0
473 12 0 0 0 0 0 0 0 0
478 4 0 0 0 0 0 0 0 0
479 6 0 0 0 0 0 0 0 0
484 2 1 1 0 0 0 0 0 0
489 3 0 0 1 0 0 0 0 0
490 1 0 0 0 0 0 1 0 0
502 2 0 0 0 0 0 0 0 0
513 5 0 0 1 0 0 0 0 0
531 8 0 0 7 0 0 0 0 0
fl=/build/buildd/eglibc-2.19/stdlib/../sysdeps/generic/get-rounding-mode.h
fn=round_and_return
93 32129 0 0 0 0 0 32129 0 0
94 224903 0 0 32129 0 0 0 0 0
103 32129 1 1 0 0 0 0 0 0
fl=/build/buildd/eglibc-2.19/stdlib/../sysdeps/ieee754/dbl-64/mpn2dbl.c
fn=__mpn_construct_double
33 128516 0 0 0 0 0 0 0 0
39 96387 1 1 32129 0 0 0 0 0
40 128516 0 0 0 0 0 0 0 0
46 64258 0 0 32129 0 0 32129 0 0
47 32129 0 0 32129 0 0 0 0 0
fl=/build/buildd/eglibc-2.19/stdlib/../sysdeps/x86_64/lshift.S
fn=__mpn_lshift
29 32129 1 1 0 0 0 0 0 0
30 32129 0 0 0 0 0 0 0 0
32 32129 0 0 0 0 0 0 0 0
33 32129 0 0 0 0 0 0 0 0
34 32129 0 0 0 0 0 0 0 0
46 32129 0 0 0 0 0 0 0 0
47 32129 0 0 0 0 0 0 0 0
48 32129 0 0 32129 0 0 0 0 0
49 32129 0 0 0 0 0 0 0 0
50 32129 0 0 0 0 0 0 0 0
51 32129 1 1 0 0 0 0 0 0
52 32129 0 0 0 0 0 0 0 0
58 32129 0 0 0 0 0 0 0 0
59 32129 0 0 0 0 0 32129 0 0
60 32129 0 0 32129 0 0 0 0 0
fl=/build/buildd/eglibc-2.19/stdlib/cxa_atexit.c
fn=__cxa_atexit
35 2 0 0 0 0 0 1 0 0
37 2 0 0 0 0 0 0 0 0
41 3 0 0 1 0 0 0 0 0
43 1 0 0 0 0 0 1 0 0
44 1 0 0 0 0 0 1 0 0
45 1 0 0 0 0 0 1 0 0
47 1 1 1 0 0 0 1 0 0
48 1 0 0 0 0 0 0 0 0
57 6 1 1 0 0 0 3 0 0
59 4 0 0 4 0 0 0 0 0
fn=__new_exitfn
73 4 1 1 0 0 0 2 0 0
74 2 0 0 0 0 0 0 0 0
79 6 0 0 2 1 1 0 0 0
81 8 2 2 2 1 0 0 0 0
83 3 0 0 1 1 0 0 0 0
91 1 0 0 0 0 0 1 0 0
112 1 1 1 0 0 0 0 0 0
113 2 0 0 0 0 0 1 0 0
126 1 1 1 0 0 0 1 0 0
127 1 0 0 1 1 1 0 0 0
130 4 0 0 2 0 0 0 0 0
133 5 0 0 3 0 0 0 0 0
fl=/build/buildd/eglibc-2.19/stdlib/grouping.c
fn=__correctly_grouped_prefixmb
55 70839 1 1 0 0 0 55097 0 0
61 15742 0 0 0 0 0 0 0 0
201 70839 1 1 55097 0 0 0 0 0
fl=/build/buildd/eglibc-2.19/stdlib/strtod.c
fn=__strtod_internal
54 120000 1 1 80000 0 0 0 0 0
fl=/build/buildd/eglibc-2.19/stdlib/strtod_l.c
fn=____strtod_l_internal
494 400000 1 1 0 0 0 280000 1 0
500 63613 2 2 0 0 0 0 0 0
548 40000 0 0 40000 0 0 0 0 0
550 80000 0 0 0 0 0 0 0 0
567 40000 1 1 0 0 0 40000 0 0
568 40000 0 0 0 0 0 0 0 0
582 120000 0 0 40000 0 0 80000 0 0
583 120000 0 0 0 0 0 80000 1 0
584 200000 0 0 120000 0 0 0 0 0
599 80000 1 1 0 0 0 40000 1 0
600 40000 0 0 0 0 0 40000 0 0
601 32129 0 0 0 0 0 0 0 0
605 40000 0 0 0 0 0 0 0 0
608 120000 0 0 40000 0 0 0 0 0
609 120000 0 0 40000 0 0 0 0 0
612 80000 0 0 0 0 0 0 0 0
614 64258 1 1 0 0 0 0 0 0
617 80000 0 0 0 0 0 0 0 0
630 120000 1 1 40000 0 0 0 0 0
631 80000 0 0 0 0 0 0 0 0
639 120000 1 1 0 0 0 0 0 0
702 7871 0 0 0 0 0 0 0 0
706 143613 2 2 55742 0 0 0 0 0
725 272129 0 0 40000 0 0 40000 0 0
726 15742 0 0 0 0 0 0 0 0
727 31484 1 1 7871 0 0 0 0 0
749 80000 0 0 40000 0 0 0 0 0
750 135742 1 1 0 0 0 0 0 0
751 39355 0 0 0 0 0 0 0 0
756 15742 0 0 0 0 0 0 0 0
757 15742 0 0 0 0 0 0 0 0
769 15742 0 0 0 0 0 0 0 0
771 15742 0 0 0 0 0 0 0 0
777 39355 0 0 7871 0 0 15742 0 0
782 158710 2 2 39355 1 1 7871 0 0
792 192774 0 0 0 0 0 0 0 0
793 64258 0 0 0 0 0 0 0 0
796 32129 1 1 0 0 0 0 0 0
805 64258 1 1 32129 0 0 0 0 0
818 96387 0 0 32129 0 0 0 0 0
819 32129 0 0 0 0 0 0 0 0
821 64258 0 0 0 0 0 0 0 0
863 128516 0 0 0 0 0 0 0 0
872 64258 0 0 0 0 0 0 0 0
873 64258 0 0 32129 0 0 0 0 0
891 64258 1 1 0 0 0 0 0 0
897 64258 0 0 64258 1 1 0 0 0
898 128516 1 1 0 0 0 32129 0 0
899 96387 2 2 0 0 0 0 0 0
1030 64258 0 0 0 0 0 0 0 0
1040 192774 3 3 32129 0 0 0 0 0
1059 96387 0 0 32129 0 0 0 0 0
1060 32129 0 0 0 0 0 32129 0 0
1062 64258 0 0 0 0 0 0 0 0
1065 64258 0 0 0 0 0 0 0 0
1098 64258 1 1 0 0 0 0 0 0
1190 32129 0 0 32129 0 0 0 0 0
1192 192774 0 0 0 0 0 0 0 0
1193 32129 0 0 0 0 0 0 0 0
1194 64258 0 0 0 0 0 32129 0 0
1197 128516 1 1 0 0 0 0 0 0
1200 64258 0 0 0 0 0 0 0 0
1203 64258 0 0 0 0 0 0 0 0
1206 385548 2 2 64258 0 0 96387 0 0
1212 128516 0 0 64258 0 0 0 0 0
1256 96387 1 1 32129 0 0 0 0 0
1257 128516 1 1 0 0 0 0 0 0
1261 64258 0 0 0 0 0 0 0 0
1267 64258 0 0 0 0 0 0 0 0
1299 64258 0 0 0 0 0 0 0 0
1302 257032 0 0 0 0 0 0 0 0
1304 64258 0 0 0 0 0 0 0 0
1312 64258 1 1 0 0 0 0 0 0
1314 385548 2 2 32129 0 0 32129 0 0
1318 96387 0 0 32129 0 0 0 0 0
1333 257032 1 1 32129 0 0 32129 0 0
1778 320000 0 0 280000 0 0 0 0 0
fn=round_and_return
212 353419 1 1 0 0 0 192774 0 0
215 64258 1 1 0 0 0 0 0 0
304 64258 1 1 0 0 0 0 0 0
307 32129 0 0 0 0 0 0 0 0
311 289161 0 0 0 0 0 0 0 0
326 64258 1 1 0 0 0 0 0 0
338 128516 0 0 0 0 0 32129 1 0
339 578322 3 3 257032 0 0 0 0 0
fn=str_to_mpn.isra.0
348 353419 2 2 32129 0 0 224903 1 0
361 32129 0 0 0 0 0 32129 0 0
362 257032 0 0 0 0 0 0 0 0
396 160645 0 0 32129 0 0 0 0 0
409 96387 1 1 0 0 0 0 0 0
410 32129 0 0 0 0 0 0 0 0
412 64258 0 0 0 0 0 0 0 0
414 128516 1 1 64258 0 0 0 0 0
421 96387 1 1 32129 1 1 0 0 0
423 96387 0 0 32129 0 0 0 0 0
425 32129 0 0 0 0 0 32129 0 0
426 32129 0 0 0 0 0 32129 0 0
441 289161 0 0 224903 0 0 0 0 0
fl=/build/buildd/eglibc-2.19/string/../bits/stdlib-bsearch.h
fn=intel_check_word
27 8 1 1 0 0 0 0 0 0
28 16 0 0 0 0 0 0 0 0
29 110 0 0 0 0 0 0 0 0
31 154 0 0 0 0 0 0 0 0
32 54 0 0 0 0 0 0 0 0
37 8 1 1 0 0 0 0 0 0
fl=/build/buildd/eglibc-2.19/string/../string/memcmp.c
fn=bcmp
105 15 1 1 15 0 0 0 0 0
106 30 0 0 15 0 0 0 0 0
110 33 0 0 0 0 0 0 0 0
111 9 1 1 0 0 0 0 0 0
129 21 1 1 0 0 0 0 0 0
133 3 1 1 3 1 1 0 0 0
134 3 0 0 3 0 0 0 0 0
135 3 0 0 0 0 0 0 0 0
136 3 0 0 0 0 0 0 0 0
137 3 0 0 0 0 0 0 0 0
183 3 0 0 3 0 0 0 0 0
184 3 0 0 3 0 0 0 0 0
185 24 0 0 0 0 0 6 1 1
221 3 0 0 0 0 0 0 0 0
222 6 0 0 0 0 0 0 0 0
226 6 0 0 0 0 0 0 0 0
228 21 1 1 0 0 0 0 0 0
232 3 0 0 3 0 0 0 0 0
233 3 0 0 3 0 0 0 0 0
234 3 0 0 3 0 0 0 0 0
235 3 0 0 0 0 0 0 0 0
236 3 0 0 0 0 0 0 0 0
237 3 0 0 0 0 0 0 0 0
289 3 0 0 3 0 0 0 0 0
290 3 0 0 3 1 1 0 0 0
291 18 1 1 0 0 0 0 0 0
292 6 0 0 0 0 0 0 0 0
299 6 1 1 0 0 0 0 0 0
304 18 1 1 0 0 0 0 0 0
305 6 0 0 0 0 0 0 0 0
315 112 1 1 0 0 0 96 1 1
318 16 0 0 0 0 0 0 0 0
319 16 0 0 0 0 0 0 0 0
322 32 0 0 0 0 0 0 0 0
326 24 0 0 0 0 0 0 0 0
328 2 0 0 2 1 1 0 0 0
329 2 0 0 2 0 0 0 0 0
330 2 0 0 0 0 0 0 0 0
331 2 0 0 0 0 0 0 0 0
333 4 0 0 0 0 0 0 0 0
335 2 0 0 0 0 0 0 0 0
342 18 1 1 0 0 0 0 0 0
343 12 0 0 0 0 0 0 0 0
346 6 0 0 0 0 0 0 0 0
350 9 0 0 0 0 0 0 0 0
351 3 0 0 0 0 0 0 0 0
352 3 0 0 0 0 0 0 0 0
356 180 2 2 0 0 0 0 0 0
358 78 0 0 78 1 1 0 0 0
359 78 0 0 78 5 5 0 0 0
360 78 0 0 0 0 0 0 0 0
363 253 0 0 0 0 0 0 0 0
368 12 0 0 0 0 0 0 0 0
369 128 0 0 112 0 0 0 0 0
fl=/build/buildd/eglibc-2.19/string/../string/strstr.c
fn=__GI_strstr
53 8 1 1 0 0 0 6 0 0
58 2 0 0 0 0 0 0 0 0
63 4 1 1 1 0 0 0 0 0
65 2 1 1 1 1 1 0 0 0
66 1 1 1 0 0 0 0 0 0
89 8 0 0 7 0 0 0 0 0
fl=/build/buildd/eglibc-2.19/string/../sysdeps/x86_64/memcpy.S
fn=mempcpy
61 21 2 1 0 0 0 0 0 0
65 21 0 0 0 0 0 0 0 0
68 20 0 0 0 0 0 0 0 0
69 20 0 0 0 0 0 0 0 0
71 6 0 0 6 1 1 0 0 0
72 6 0 0 0 0 0 6 1 1
74 6 0 0 0 0 0 0 0 0
75 6 0 0 0 0 0 0 0 0
80 20 0 0 0 0 0 0 0 0
81 20 0 0 0 0 0 0 0 0
83 9 0 0 9 0 0 0 0 0
84 9 0 0 0 0 0 9 0 0
86 9 0 0 0 0 0 0 0 0
87 9 0 0 0 0 0 0 0 0
92 20 0 0 0 0 0 0 0 0
93 20 0 0 0 0 0 0 0 0
95 7 0 0 7 0 0 0 0 0
96 7 0 0 0 0 0 7 0 0
98 7 0 0 0 0 0 0 0 0
99 7 0 0 0 0 0 0 0 0
104 20 0 0 0 0 0 0 0 0
105 20 0 0 0 0 0 0 0 0
107 5 0 0 5 0 0 0 0 0
108 5 0 0 0 0 0 5 1 1
110 5 0 0 0 0 0 0 0 0
111 10 0 0 0 0 0 0 0 0
116 20 2 1 0 0 0 0 0 0
117 28 0 0 0 0 0 0 0 0
122 8 0 0 8 3 0 0 0 0
123 8 0 0 8 0 0 0 0 0
124 8 0 0 0 0 0 8 3 3
125 8 0 0 0 0 0 8 0 0
127 8 0 0 0 0 0 0 0 0
129 8 0 0 0 0 0 0 0 0
130 8 0 0 0 0 0 0 0 0
132 8 0 0 0 0 0 0 0 0
138 20 0 0 0 0 0 0 0 0
142 20 0 0 20 0 0 0 0 0
154 3 1 1 0 0 0 0 0 0
156 3 0 0 0 0 0 0 0 0
157 3 0 0 0 0 0 0 0 0
183 3 0 0 0 0 0 0 0 0
184 3 0 0 0 0 0 0 0 0
187 3 0 0 0 0 0 0 0 0
188 3 0 0 0 0 0 0 0 0
189 3 0 0 0 0 0 0 0 0
194 3 1 1 0 0 0 0 0 0
196 3 0 0 3 0 0 0 0 0
197 3 0 0 3 0 0 0 0 0
198 3 0 0 3 0 0 0 0 0
199 3 0 0 3 0 0 0 0 0
201 3 0 0 0 0 0 3 0 0
202 3 0 0 0 0 0 3 1 1
203 3 0 0 0 0 0 3 1 1
204 3 0 0 0 0 0 3 0 0
206 3 0 0 0 0 0 0 0 0
207 3 0 0 0 0 0 0 0 0
209 3 0 0 0 0 0 0 0 0
231 3 1 1 0 0 0 0 0 0
233 3 0 0 0 0 0 0 0 0
235 1 0 0 0 0 0 0 0 0
242 1 0 0 1 0 0 0 0 0
fl=/build/buildd/eglibc-2.19/string/../sysdeps/x86_64/memset.S
fn=memset
53 115 1 1 0 0 0 0 0 0
54 115 0 0 0 0 0 0 0 0
55 115 0 0 0 0 0 0 0 0
56 115 0 0 0 0 0 0 0 0
57 115 0 0 0 0 0 0 0 0
59 115 0 0 0 0 0 0 0 0
60 115 0 0 0 0 0 0 0 0
77 115 1 1 0 0 0 0 0 0
78 115 0 0 0 0 0 115 3 3
79 115 0 0 0 0 0 0 0 0
80 115 0 0 0 0 0 115 3 3
81 115 0 0 0 0 0 115 0 0
82 115 0 0 0 0 0 115 2 2
83 115 0 0 0 0 0 115 1 1
84 115 0 0 0 0 0 115 0 0
85 115 1 1 0 0 0 115 111 2
86 115 0 0 0 0 0 115 1 1
87 115 0 0 0 0 0 0 0 0
88 115 0 0 0 0 0 0 0 0
89 115 0 0 0 0 0 0 0 0
90 230 0 0 0 0 0 0 0 0
93 556462 0 0 0 0 0 556462 554827 17012
94 556462 0 0 0 0 0 556462 0 0
95 556462 0 0 0 0 0 556462 0 0
96 556462 0 0 0 0 0 556462 0 0
97 556462 0 0 0 0 0 0 0 0
98 556462 0 0 0 0 0 0 0 0
99 556462 0 0 0 0 0 0 0 0
100 115 1 1 115 113 0 0 0 0
fl=/build/buildd/eglibc-2.19/string/../sysdeps/x86_64/multiarch/../cacheinfo.c
fn=handle_intel
305 16 0 0 0 0 0 12 0 0
306 4 1 1 0 0 0 0 0 0
317 6 0 0 0 0 0 2 0 0
319 2 1 1 0 0 0 2 0 0
320 4 0 0 0 0 0 2 0 0
322 2 0 0 0 0 0 0 0 0
328 8 1 1 0 0 0 2 0 0
333 4 0 0 0 0 0 0 0 0
335 6 0 0 0 0 0 2 0 0
336 2 0 0 0 0 0 0 0 0
340 10 0 0 0 0 0 2 0 0
341 4 0 0 0 0 0 0 0 0
344 10 1 1 0 0 0 2 0 0
345 4 0 0 0 0 0 0 0 0
362 16 1 1 14 0 0 0 0 0
fn=init_cacheinfo
550 3 1 1 0 0 0 3 0 0
563 3 0 0 1 0 0 0 0 0
570 2 0 0 0 0 0 0 0 0
572 4 0 0 1 0 0 1 0 0
575 1 0 0 0 0 0 0 0 0
576 4 1 1 1 0 0 1 0 0
578 2 0 0 0 0 0 0 0 0
589 1 0 0 1 0 0 0 0 0
607 4 0 0 1 0 0 0 0 0
614 17 1 1 0 0 0 0 0 0
620 8 0 0 0 0 0 0 0 0
623 20 0 0 0 0 0 0 0 0
625 2 1 1 0 0 0 0 0 0
631 5 0 0 0 0 0 0 0 0
638 9 1 1 0 0 0 0 0 0
640 2 0 0 0 0 0 0 0 0
642 8 0 0 0 0 0 0 0 0
644 4 0 0 0 0 0 0 0 0
649 1 1 1 0 0 0 0 0 0
651 4 0 0 0 0 0 0 0 0
652 2 0 0 0 0 0 0 0 0
653 1 0 0 0 0 0 0 0 0
657 2 0 0 0 0 0 0 0 0
669 4 0 0 0 0 0 0 0 0
670 5 1 1 0 0 0 0 0 0
744 2 0 0 0 0 0 0 0 0
746 3 1 1 0 0 0 1 0 0
747 1 0 0 0 0 0 1 1 1
749 1 0 0 0 0 0 0 0 0
750 3 0 0 0 0 0 1 0 0
751 1 0 0 0 0 0 1 0 0
754 2 0 0 0 0 0 0 0 0
756 3 0 0 0 0 0 1 0 0
757 1 0 0 0 0 0 1 1 1
759 1 0 0 0 0 0 0 0 0
760 3 0 0 0 0 0 1 0 0
761 1 0 0 0 0 0 1 0 0
763 4 0 0 4 0 0 0 0 0
fn=intel_check_word
150 108 0 0 54 6 6 0 0 0
153 54 1 1 0 0 0 0 0 0
161 16 0 0 0 0 0 12 0 0
162 8 1 1 0 0 0 0 0 0
164 2 0 0 0 0 0 0 0 0
168 28 0 0 0 0 0 0 0 0
170 32 1 1 0 0 0 0 0 0
172 10 0 0 0 0 0 0 0 0
174 20 0 0 0 0 0 0 0 0
182 20 0 0 0 0 0 0 0 0
194 39 2 2 0 0 0 0 0 0
199 16 0 0 0 0 0 0 0 0
203 10 1 1 0 0 0 0 0 0
205 5 0 0 0 0 0 0 0 0
210 8 0 0 0 0 0 0 0 0
213 2 1 1 0 0 0 0 0 0
215 4 1 1 0 0 0 0 0 0
217 10 2 2 0 0 0 0 0 0
218 8 0 0 0 0 0 0 0 0
219 8 0 0 0 0 0 0 0 0
220 2 0 0 0 0 0 0 0 0
228 3 0 0 0 0 0 0 0 0
235 16 0 0 0 0 0 0 0 0
295 8 0 0 0 0 0 0 0 0
300 16 0 0 16 0 0 0 0 0
fl=/build/buildd/eglibc-2.19/string/../sysdeps/x86_64/multiarch/../memcpy.S
fn=memcpy
61 18 1 1 0 0 0 0 0 0
63 18 0 0 0 0 0 0 0 0
65 18 0 0 0 0 0 0 0 0
68 18 0 0 0 0 0 0 0 0
69 18 0 0 0 0 0 0 0 0
71 4 1 1 4 0 0 0 0 0
72 4 0 0 0 0 0 4 2 2
74 4 0 0 0 0 0 0 0 0
75 4 0 0 0 0 0 0 0 0
80 18 0 0 0 0 0 0 0 0
81 18 0 0 0 0 0 0 0 0
83 5 0 0 5 0 0 0 0 0
84 5 0 0 0 0 0 5 1 1
86 5 0 0 0 0 0 0 0 0
87 10 0 0 0 0 0 0 0 0
92 18 0 0 0 0 0 0 0 0
93 18 0 0 0 0 0 0 0 0
95 3 0 0 3 0 0 0 0 0
96 3 0 0 0 0 0 3 0 0
98 3 0 0 0 0 0 0 0 0
99 3 0 0 0 0 0 0 0 0
104 18 0 0 0 0 0 0 0 0
105 18 0 0 0 0 0 0 0 0
107 11 0 0 11 0 0 0 0 0
108 11 0 0 0 0 0 11 1 1
110 11 0 0 0 0 0 0 0 0
111 11 0 0 0 0 0 0 0 0
116 18 1 1 0 0 0 0 0 0
117 26 0 0 0 0 0 0 0 0
122 8 0 0 8 0 0 0 0 0
123 8 0 0 8 0 0 0 0 0
124 8 0 0 0 0 0 8 2 2
125 8 0 0 0 0 0 8 0 0
127 8 0 0 0 0 0 0 0 0
129 8 0 0 0 0 0 0 0 0
130 8 0 0 0 0 0 0 0 0
132 8 0 0 0 0 0 0 0 0
140 18 0 0 18 0 0 0 0 0
148 6 0 0 0 0 0 6 0 0
154 6 0 0 0 0 0 0 0 0
156 6 0 0 0 0 0 0 0 0
157 6 0 0 0 0 0 0 0 0
160 3 1 1 0 0 0 0 0 0
161 6 0 0 0 0 0 0 0 0
166 13 0 0 13 0 0 0 0 0
167 13 0 0 0 0 0 13 0 0
169 13 0 0 0 0 0 0 0 0
171 13 0 0 0 0 0 0 0 0
172 13 0 0 0 0 0 0 0 0
174 16 0 0 0 0 0 0 0 0
183 6 0 0 0 0 0 0 0 0
184 6 0 0 0 0 0 0 0 0
187 6 0 0 0 0 0 0 0 0
188 6 0 0 0 0 0 0 0 0
189 6 0 0 0 0 0 0 0 0
194 5 1 1 0 0 0 0 0 0
196 5 0 0 5 0 0 0 0 0
197 5 0 0 5 0 0 0 0 0
198 5 0 0 5 0 0 0 0 0
199 5 0 0 5 0 0 0 0 0
201 5 0 0 0 0 0 5 1 1
202 5 0 0 0 0 0 5 0 0
203 5 0 0 0 0 0 5 1 1
204 5 0 0 0 0 0 5 0 0
206 5 0 0 0 0 0 0 0 0
207 5 0 0 0 0 0 0 0 0
209 5 0 0 0 0 0 0 0 0
231 6 1 1 0 0 0 0 0 0
237 6 0 0 6 0 0 0 0 0
238 6 0 0 0 0 0 0 0 0
fl=/build/buildd/eglibc-2.19/string/../sysdeps/x86_64/multiarch/../rtld-strlen.S
fn=strlen
26 17 1 1 0 0 0 0 0 0
27 17 0 0 0 0 0 0 0 0
28 17 0 0 0 0 0 0 0 0
29 17 0 0 0 0 0 0 0 0
31 9 0 0 0 0 0 0 0 0
32 9 0 0 0 0 0 0 0 0
34 47 0 0 47 1 1 0 0 0
35 47 0 0 0 0 0 0 0 0
36 46 0 0 0 0 0 0 0 0
37 46 0 0 0 0 0 0 0 0
38 46 0 0 0 0 0 0 0 0
40 32 1 1 0 0 0 0 0 0
45 22 0 0 22 0 0 0 0 0
46 22 0 0 0 0 0 0 0 0
47 22 0 0 0 0 0 0 0 0
48 22 0 0 0 0 0 0 0 0
51 22 0 0 0 0 0 0 0 0
52 20 0 0 0 0 0 0 0 0
53 20 0 0 0 0 0 0 0 0
54 20 0 0 0 0 0 0 0 0
56 20 0 0 0 0 0 0 0 0
59 17 0 0 17 0 0 0 0 0
60 17 0 0 0 0 0 0 0 0
61 17 0 0 0 0 0 0 0 0
62 17 0 0 0 0 0 0 0 0
65 17 0 0 0 0 0 0 0 0
66 12 0 0 0 0 0 0 0 0
67 12 0 0 0 0 0 0 0 0
68 12 1 1 0 0 0 0 0 0
70 12 0 0 0 0 0 0 0 0
73 8 0 0 8 0 0 0 0 0
74 8 0 0 0 0 0 0 0 0
75 8 0 0 0 0 0 0 0 0
76 8 0 0 0 0 0 0 0 0
79 8 0 0 0 0 0 0 0 0
80 8 0 0 0 0 0 0 0 0
81 8 0 0 0 0 0 0 0 0
82 8 0 0 0 0 0 0 0 0
84 8 0 0 0 0 0 0 0 0
87 8 0 0 8 0 0 0 0 0
88 8 0 0 0 0 0 0 0 0
89 8 0 0 0 0 0 0 0 0
90 8 0 0 0 0 0 0 0 0
93 8 0 0 0 0 0 0 0 0
94 7 0 0 0 0 0 0 0 0
95 7 0 0 0 0 0 0 0 0
96 7 0 0 0 0 0 0 0 0
98 8 0 0 0 0 0 0 0 0
101 16 1 1 0 0 0 0 0 0
103 16 0 0 0 0 0 0 0 0
104 16 0 0 0 0 0 0 0 0
105 14 0 0 0 0 0 0 0 0
107 14 0 0 0 0 0 0 0 0
108 14 0 0 0 0 0 0 0 0
109 12 0 0 0 0 0 0 0 0
111 12 0 0 0 0 0 0 0 0
112 12 0 0 0 0 0 0 0 0
113 9 0 0 0 0 0 0 0 0
115 9 0 0 0 0 0 0 0 0
116 9 0 0 0 0 0 0 0 0
117 8 0 0 0 0 0 0 0 0
119 8 0 0 0 0 0 0 0 0
121 8 0 0 0 0 0 0 0 0
122 8 0 0 0 0 0 0 0 0
123 8 0 0 0 0 0 0 0 0
125 8 0 0 0 0 0 0 0 0
126 8 0 0 0 0 0 0 0 0
127 7 0 0 0 0 0 0 0 0
129 7 0 0 0 0 0 0 0 0
130 7 1 1 0 0 0 0 0 0
131 4 0 0 0 0 0 0 0 0
133 17 0 0 0 0 0 0 0 0
134 17 0 0 17 0 0 0 0 0
fl=/build/buildd/eglibc-2.19/string/../sysdeps/x86_64/multiarch/../strchr.S
fn=index
24 11 1 1 0 0 0 0 0 0
25 11 0 0 0 0 0 0 0 0
26 11 0 0 0 0 0 0 0 0
27 11 0 0 0 0 0 0 0 0
28 11 0 0 0 0 0 0 0 0
29 11 0 0 0 0 0 0 0 0
30 11 0 0 0 0 0 0 0 0
31 11 0 0 0 0 0 0 0 0
32 11 0 0 11 3 3 0 0 0
33 11 0 0 0 0 0 0 0 0
34 11 0 0 0 0 0 0 0 0
35 11 1 1 0 0 0 0 0 0
36 11 0 0 0 0 0 0 0 0
37 11 0 0 0 0 0 0 0 0
38 11 0 0 0 0 0 0 0 0
39 11 0 0 0 0 0 0 0 0
40 11 0 0 0 0 0 0 0 0
41 8 0 0 0 0 0 0 0 0
45 8 0 0 0 0 0 0 0 0
46 8 0 0 0 0 0 0 0 0
47 8 0 0 8 0 0 0 0 0
48 8 0 0 0 0 0 0 0 0
50 8 0 0 8 0 0 0 0 0
54 3 0 0 3 0 0 0 0 0
55 3 0 0 0 0 0 0 0 0
56 3 0 0 0 0 0 0 0 0
57 3 0 0 0 0 0 0 0 0
58 3 0 0 0 0 0 0 0 0
59 3 1 1 0 0 0 0 0 0
60 3 0 0 3 1 1 0 0 0
61 3 0 0 0 0 0 0 0 0
62 3 0 0 0 0 0 0 0 0
63 3 0 0 0 0 0 0 0 0
64 3 0 0 0 0 0 0 0 0
65 3 0 0 0 0 0 0 0 0
66 3 0 0 0 0 0 0 0 0
67 3 0 0 3 0 0 0 0 0
68 3 0 0 0 0 0 0 0 0
69 3 0 0 0 0 0 0 0 0
70 3 0 0 0 0 0 0 0 0
71 3 0 0 0 0 0 0 0 0
72 3 0 0 0 0 0 0 0 0
73 3 0 0 0 0 0 0 0 0
74 3 0 0 0 0 0 0 0 0
75 3 1 1 0 0 0 0 0 0
76 3 0 0 0 0 0 0 0 0
77 3 0 0 0 0 0 0 0 0
129 3 1 1 0 0 0 0 0 0
133 3 0 0 0 0 0 0 0 0
134 3 0 0 0 0 0 0 0 0
135 3 0 0 3 0 0 0 0 0
136 3 1 1 0 0 0 0 0 0
138 3 0 0 3 0 0 0 0 0
fl=/build/buildd/eglibc-2.19/string/../sysdeps/x86_64/multiarch/../strcmp.S
fn=strcmp
131 2762 1 1 2762 78 39 0 0 0
132 2762 0 0 2762 39 7 0 0 0
133 2762 0 0 0 0 0 0 0 0
134 2435 0 0 0 0 0 0 0 0
135 2435 0 0 0 0 0 0 0 0
136 2435 0 0 0 0 0 0 0 0
137 2435 0 0 0 0 0 0 0 0
139 184 0 0 0 0 0 0 0 0
140 184 0 0 184 0 0 0 0 0
142 327 0 0 0 0 0 0 0 0
143 327 0 0 0 0 0 0 0 0
144 327 0 0 0 0 0 0 0 0
145 327 0 0 327 0 0 0 0 0
fl=/build/buildd/eglibc-2.19/string/../sysdeps/x86_64/multiarch/memcpy-ssse3-back.S
fn=__memmove_ssse3_back
55 2 1 1 0 0 0 0 0 0
61 2 0 0 0 0 0 0 0 0
62 2 0 0 0 0 0 0 0 0
63 2 0 0 0 0 0 0 0 0
64 2 0 0 0 0 0 0 0 0
65 2 0 0 0 0 0 0 0 0
123 2 1 1 2 2 0 0 0 0
125 2 0 0 0 0 0 0 0 0
126 2 0 0 0 0 0 0 0 0
127 2 0 0 0 0 0 0 0 0
1571 2 1 1 0 0 0 0 0 0
1572 2 0 0 0 0 0 0 0 0
1574 2 0 0 2 2 0 0 0 0
1575 2 0 0 0 0 0 0 0 0
1576 2 1 1 0 0 0 0 0 0
1577 2 0 0 0 0 0 0 0 0
1578 2 0 0 0 0 0 0 0 0
1579 2 0 0 0 0 0 0 0 0
1580 2 0 0 0 0 0 0 0 0
1586 2 0 0 2 2 0 0 0 0
1589 2 0 0 0 0 0 0 0 0
1590 2 0 0 0 0 0 0 0 0
1591 2 0 0 0 0 0 0 0 0
1592 2 0 0 0 0 0 0 0 0
1597 2 0 0 0 0 0 0 0 0
1598 2 0 0 0 0 0 0 0 0
1599 2 0 0 0 0 0 0 0 0
1601 2 0 0 0 0 0 0 0 0
1602 2 0 0 0 0 0 0 0 0
1603 2 1 1 0 0 0 0 0 0
1642 2 1 1 0 0 0 0 0 0
1644 2 0 0 0 0 0 0 0 0
1646 5000 0 0 0 0 0 0 0 0
1647 5000 0 0 0 0 0 0 0 0
1648 5000 1 1 0 0 0 0 0 0
1649 5000 0 0 0 0 0 0 0 0
1650 5000 0 0 0 0 0 0 0 0
1651 5000 0 0 5000 0 0 0 0 0
1652 5000 0 0 5000 5000 0 0 0 0
1653 5000 0 0 5000 0 0 0 0 0
1654 5000 0 0 5000 0 0 0 0 0
1655 5000 0 0 5000 0 0 0 0 0
1656 5000 0 0 5000 5000 0 0 0 0
1657 5000 0 0 5000 0 0 0 0 0
1658 5000 0 0 5000 0 0 0 0 0
1659 5000 1 1 0 0 0 5000 4768 0
1660 5000 0 0 0 0 0 5000 0 0
1661 5000 0 0 0 0 0 5000 0 0
1662 5000 0 0 0 0 0 5000 0 0
1663 5000 0 0 0 0 0 5000 4764 0
1664 5000 0 0 0 0 0 5000 0 0
1665 5000 0 0 0 0 0 5000 0 0
1666 5000 0 0 0 0 0 5000 0 0
1667 5000 0 0 0 0 0 0 0 0
1668 5000 0 0 0 0 0 0 0 0
1669 5000 0 0 0 0 0 0 0 0
1671 2 0 0 0 0 0 2 2 0
1672 2 0 0 0 0 0 0 0 0
1673 2 0 0 0 0 0 0 0 0
1674 2 1 1 0 0 0 0 0 0
1675 8 0 0 2 2 1 0 0 0
2279 2 1 1 2 2 0 0 0 0
fl=/build/buildd/eglibc-2.19/string/../sysdeps/x86_64/multiarch/memmove.c
fn=memcpy@GLIBC_2.2.5
49 2 2 1 0 0 0 0 0 0
fl=/build/buildd/eglibc-2.19/string/../sysdeps/x86_64/multiarch/strcmp.S
fn=strcasecmp
114 1 1 1 1 1 1 0 0 0
115 1 0 0 0 0 0 0 0 0
116 1 0 0 0 0 0 1 0 0
119 1 0 0 0 0 0 0 0 0
120 1 0 0 1 0 0 0 0 0
121 1 1 1 0 0 0 0 0 0
132 1 0 0 1 0 0 0 0 0
fn=strncasecmp
140 1 1 1 1 0 0 0 0 0
141 1 0 0 0 0 0 0 0 0
145 1 0 0 0 0 0 0 0 0
146 1 0 0 1 0 0 0 0 0
147 1 0 0 0 0 0 0 0 0
158 1 1 1 1 0 0 0 0 0
fl=/build/buildd/eglibc-2.19/string/../sysdeps/x86_64/rtld-memset.S
fn=memset
30 14 2 1 0 0 0 0 0 0
31 14 0 0 0 0 0 0 0 0
32 14 0 0 0 0 0 0 0 0
33 5820 0 0 0 0 0 5806 91 91
34 14 0 0 0 0 0 0 0 0
35 14 0 0 14 0 0 0 0 0
fl=/build/buildd/eglibc-2.19/string/../sysdeps/x86_64/strlen.S
fn=strlen
66 40000 1 1 0 0 0 0 0 0
67 40000 0 0 0 0 0 0 0 0
68 40000 0 0 0 0 0 0 0 0
69 40000 0 0 0 0 0 0 0 0
70 40000 0 0 0 0 0 0 0 0
71 40000 0 0 0 0 0 0 0 0
72 40000 0 0 0 0 0 0 0 0
74 40000 0 0 0 0 0 0 0 0
76 40000 0 0 0 0 0 0 0 0
106 40000 0 0 40000 0 0 0 0 0
107 40000 0 0 0 0 0 0 0 0
108 40000 0 0 0 0 0 0 0 0
109 40000 0 0 0 0 0 0 0 0
110 40000 0 0 0 0 0 0 0 0
111 40000 0 0 0 0 0 0 0 0
112 40000 1 1 40000 0 0 0 0 0
fl=/build/buildd/eglibc-2.19/string/../sysdeps/x86_64/strrchr.S
fn=rindex
24 1 1 1 0 0 0 0 0 0
25 1 0 0 0 0 0 0 0 0
26 1 0 0 0 0 0 0 0 0
27 1 0 0 0 0 0 0 0 0
28 1 0 0 0 0 0 0 0 0
29 1 0 0 0 0 0 0 0 0
30 1 0 0 0 0 0 0 0 0
31 1 0 0 0 0 0 0 0 0
32 1 0 0 1 1 0 0 0 0
33 1 0 0 0 0 0 0 0 0
34 1 0 0 0 0 0 0 0 0
35 1 0 0 0 0 0 0 0 0
36 1 0 0 0 0 0 0 0 0
37 1 0 0 0 0 0 0 0 0
38 1 1 1 0 0 0 0 0 0
39 1 0 0 0 0 0 0 0 0
40 1 0 0 0 0 0 0 0 0
41 1 0 0 0 0 0 0 0 0
42 1 0 0 0 0 0 0 0 0
43 1 0 0 0 0 0 0 0 0
44 1 0 0 0 0 0 0 0 0
45 1 0 0 0 0 0 0 0 0
46 1 0 0 0 0 0 0 0 0
47 1 0 0 1 0 0 0 0 0
fl=/build/buildd/eglibc-2.19/time/../sysdeps/generic/dl-hash.h
fn=gettimeofday
43 2 0 0 0 0 0 0 0 0
44 2 2 1 0 0 0 0 0 0
45 26 2 1 8 1 0 0 0 0
48 24 0 0 0 0 0 0 0 0
49 16 0 0 0 0 0 0 0 0
62 16 0 0 0 0 0 0 0 0
67 2 0 0 0 0 0 0 0 0
fn=time
43 1 0 0 0 0 0 0 0 0
44 1 0 0 0 0 0 0 0 0
45 13 0 0 4 1 1 0 0 0
48 12 0 0 0 0 0 0 0 0
49 8 1 1 0 0 0 0 0 0
62 8 0 0 0 0 0 0 0 0
67 1 0 0 0 0 0 0 0 0
fl=/build/buildd/eglibc-2.19/time/../sysdeps/unix/sysv/linux/x86_64/gettimeofday.c
fn=gettimeofday
30 2 0 0 0 0 0 0 0 0
31 14 1 0 0 0 0 8 0 0
34 6 0 0 0 0 0 2 0 0
35 6 0 0 0 0 0 0 0 0
36 6 0 0 2 0 0 0 0 0
fl=/build/buildd/eglibc-2.19/time/../sysdeps/unix/sysv/linux/x86_64/time.c
fn=time
36 1 0 0 0 0 0 0 0 0
37 7 1 1 0 0 0 4 0 0
40 6 1 1 0 0 0 1 0 0
41 3 0 0 1 0 0 0 0 0
fl=/home/bu99y/code/learning/Seminars/Determinant/ivmatrix.c
fn=add_string
361 13047096 0 0 0 0 0 10872580 0 0
362 2176690311 1 1 1737438120 0 0 2174516 0 0
363 15145502505 1 1 9087301503 51932774 0 432728643 0 0
364 4349028 0 0 4349028 0 0 0 0 0
fn=annihilate_below
353 109665 1 1 0 0 0 65799 0 0
354 11048034 1 1 8785788 85 0 21933 0 0
355 67409996 1 1 39141288 2077636 0 2174516 3 0
356 43862 0 0 43862 0 0 0 0 0
fn=gauss
296 560 1 1 0 0 0 336 0 0
297 224 0 0 112 0 0 0 0 0
298 448 1 1 224 0 0 0 0 0
300 110327 2 2 88060 19951 0 112 0 0
302 350928 1 1 197397 39578 2 0 0 0
303 1105 0 0 442 0 0 221 0 0
304 350928 0 0 197397 0 0 0 0 0
306 109665 0 0 43866 0 0 21933 0 0
309 220 0 0 0 0 0 110 0 0
310 110110 0 0 87890 0 0 110 0 0
311 306460 0 0 175120 20132 0 21890 0 0
312 330 0 0 220 0 0 110 110 0
313 110 0 0 0 0 0 0 0 0
314 220 0 0 220 0 0 0 0 0
fn=get_long
82 5 1 1 0 0 0 3 0 0
83 2 0 0 1 0 0 0 0 0
84 1 0 0 0 0 0 1 0 0
85 1 1 1 0 0 0 1 0 0
87 7 0 0 2 0 0 2 0 0
90 4 0 0 1 0 0 1 0 0
91 4 1 1 1 0 0 1 0 0
92 3 0 0 2 0 0 0 0 0
98 3 0 0 2 0 0 1 0 0
99 1 0 0 0 0 0 0 0 0
100 2 0 0 2 0 0 0 0 0
fn=get_matrix
120 5 1 1 0 0 0 3 0 0
121 2 0 0 1 0 0 0 0 0
122 2 1 1 1 0 0 0 0 0
124 1 1 1 0 0 0 1 0 0
125 7 0 0 1 0 0 2 0 0
126 2 0 0 1 0 0 0 0 0
127 8 1 1 2 0 0 0 0 0
129 10 2 2 3 0 0 2 0 0
130 4 0 0 2 0 0 0 0 0
132 4 1 1 2 0 0 1 0 0
133 160005 2 2 120002 0 0 1 0 0
134 80000 0 0 0 0 0 40000 0 0
135 280000 0 0 40000 0 0 80000 0 0
136 80000 0 0 40000 0 0 0 0 0
137 280000 0 0 160000 0 0 40000 5000 5000
139 3 0 0 2 0 0 1 0 0
140 1 0 0 0 0 0 0 0 0
141 2 0 0 2 1 0 0 0 0
fn=get_matrix_determinant
198 6 1 1 0 0 0 4 0 0
199 2 0 0 1 0 0 0 0 0
200 4 2 2 2 0 0 0 0 0
202 5 1 1 1 0 0 2 0 0
203 2 0 0 1 0 0 0 0 0
209 1 1 1 0 0 0 1 0 0
210 7 0 0 3 0 0 2 0 0
211 2 0 0 1 0 0 0 0 0
216 5 2 2 2 0 0 1 0 0
217 8 0 0 3 1 0 1 0 0
fn=get_minor
370 784 1 1 0 0 0 560 0 0
371 224 0 0 112 0 0 0 0 0
372 672 2 2 448 0 0 112 0 0
374 1344 0 0 448 0 0 224 113 0
375 224 0 0 112 0 0 0 0 0
377 336 1 1 224 111 0 112 0 0
382 112 0 0 0 0 0 112 0 0
383 17920560 1 1 13440224 0 0 112 0 0
385 67043200 0 0 35750400 2 0 0 0 0
386 44688 1 1 0 0 0 0 0 0
387 44353120 0 0 22176560 557072 0 4435312 554511 7830
388 4435312 0 0 4435312 0 0 0 0 0
391 1008 0 0 560 0 0 0 0 0
392 448 1 1 0 0 0 224 112 0
393 224 0 0 112 0 0 0 0 0
395 560 2 2 336 0 0 112 0 0
396 336 0 0 224 0 0 112 0 0
398 112 0 0 112 0 0 0 0 0
399 448 0 0 336 112 0 0 0 0
fn=get_threads
149 11 1 1 1 0 0 7 0 0
150 2 0 0 1 0 0 0 0 0
151 5 1 1 1 0 0 2 0 0
152 2 0 0 1 0 0 0 0 0
153 2 2 2 1 0 0 0 0 0
158 1 1 1 0 0 0 1 0 0
164 5 0 0 1 0 0 2 0 0
166 2 0 0 1 0 0 0 0 0
173 4 1 1 0 0 0 2 0 0
174 2 0 0 1 0 0 0 0 0
175 5 1 1 0 0 0 2 0 0
176 2 0 0 1 0 0 0 0 0
178 13 2 2 8 0 0 1 0 0
180 14 0 0 6 1 0 2 1 0
181 14 1 1 6 0 0 2 1 0
182 14 0 0 6 0 0 2 0 0
183 20 1 1 8 0 0 2 0 0
185 30 1 1 8 0 0 4 0 0
186 4 0 0 2 0 0 0 0 0
188 3 0 0 2 1 0 1 1 0
189 1 0 0 1 0 0 0 0 0
190 7 0 0 5 1 0 0 0 0
fn=main
39 5 1 1 0 0 0 3 0 0
44 1 0 0 0 0 0 1 0 0
45 1 0 0 0 0 0 1 0 0
46 7 1 1 2 0 0 2 0 0
51 2 0 0 1 0 0 0 0 0
52 2 1 1 0 0 0 2 1 0
56 6 1 1 1 0 0 2 0 0
58 4 0 0 0 0 0 1 0 0
63 2 0 0 1 0 0 0 0 0
64 2 1 1 0 0 0 1 0 0
65 6 0 0 1 0 0 1 0 0
fn=matrix_copy
242 10 1 1 0 0 0 6 1 1
244 6 0 0 4 0 0 2 0 0
245 16 0 0 4 0 0 4 0 0
246 22 0 0 10 2 0 2 0 0
247 8 0 0 4 0 0 0 0 0
248 10 0 0 6 2 0 0 0 0
fn=matrix_kill
106 440 1 1 0 0 0 220 0 0
107 220 0 0 110 0 0 0 0 0
109 440 0 0 220 0 0 0 0 0
111 440 0 0 220 0 0 110 0 0
112 220 0 0 110 0 0 110 0 0
114 220 0 0 110 0 0 110 0 0
115 220 0 0 220 0 0 0 0 0
fn=proceed_arguments
19 7 1 1 0 0 0 5 0 0
20 2 0 0 1 0 0 0 0 0
22 3 1 1 2 0 0 1 0 0
24 2 1 1 1 0 0 1 0 0
25 8 0 0 3 0 0 2 0 0
27 2 0 0 1 0 0 0 0 0
28 4 2 2 2 0 0 0 0 0
30 6 1 1 2 0 0 2 1 0
31 4 0 0 2 0 0 0 0 0
32 1 0 0 0 0 0 0 0 0
33 2 0 0 2 0 0 0 0 0
fn=search_below_nzero_swap
319 1105 2 2 0 0 0 663 0 0
320 663 0 0 221 0 0 221 0 0
321 1110 1 1 667 0 0 0 0 0
322 4218 0 0 1998 222 0 0 0 0
323 221 0 0 0 0 0 0 0 0
324 3536 1 1 1989 0 0 0 0 0
326 1326 1 1 663 0 0 221 0 0
327 265421 0 0 176579 0 0 221 0 0
328 1055496 0 0 615706 0 0 43979 0 0
329 442 0 0 442 0 0 0 0 0
fn=swap_strings
334 1105 2 2 0 0 0 884 0 0
335 221221 1 1 176579 0 0 221 0 0
337 527748 0 0 307853 5414 0 43979 0 0
338 967538 1 1 571727 5195 0 43979 0 0
339 527748 0 0 307853 0 0 43979 0 0
341 442 0 0 442 0 0 0 0 0
fn=thread_routine
254 8 1 1 0 0 0 4 1 1
255 4 1 1 2 0 0 0 0 0
256 18 1 1 10 0 0 8 1 1
258 6 0 0 4 1 0 2 0 0
259 4 0 0 2 0 0 2 0 0
260 4 0 0 0 0 0 2 0 0
261 4 0 0 0 0 0 2 0 0
262 2 0 0 0 0 0 2 0 0
263 14 1 1 2 0 0 6 2 0
267 2 0 0 0 0 0 2 0 0
268 562 1 1 446 2 0 2 0 0
270 672 0 0 112 0 0 224 0 0
271 224 0 0 112 0 0 0 0 0
276 670 1 1 112 0 0 222 0 0
277 220 0 0 110 0 0 0 0 0
278 1825 2 2 660 110 0 220 0 0
279 330 0 0 220 0 0 110 0 0
280 330 0 0 110 0 0 110 0 0
281 330 0 0 110 0 0 110 0 0
fl=???
fn=???
0 40751 41 31 40622 363 0 62 1 1
fn=__libc_csu_init
0 34 2 2 8 1 0 8 0 0
fn=_dl_debug_initialize
0 5 1 1 4 0 0 0 0 0
fn=memcpy@GLIBC_2.2.5
0 24 2 1 8 2 0 0 0 0
summary: 17597216726 1268 1234 10964999067 54675330 2236 460124158 1126291 30592
