1021
82
1009
1031
1002
901
0
1001
908
1
1001
901
0
1009
1006
1031
1007
1031
1008
1031
1034
1031
1034
1002
901
0
1034
1001
901
0
1006
1031
1010
1031
1032
1031
1032
1002
901
0
1001
908
3.14159
1001
908
2
1006
1001
901
0
1004
1031
1002
901
0
1001
901
0
1001
901
0
1001
901
0
1005
1001
908
1
1003
1010
1006
1032
1031
1001
908
2.71828
1011
1031
1011
1031
1033
1031
1035
7
1001
908
1
1002
909
0
1035
8
1001
908
2
1002
909
1
1035
9
1001
908
1
1002
909
2
1035
10
1001
908
0
1002
909
3
1035
11
1001
908
0
1002
909
4
1001
909
0
1001
908
0
1027
232
1001
909
1
1001
908
0
1027
202
1001
909
2
1001
908
0
1027
170
1017
907
73
1017
907
110
1017
907
102
1017
907
105
1017
907
110
1017
907
105
1017
907
116
1017
907
101
1001
909
2
1001
908
0
1026
202
1017
907
78
1017
907
111
1017
907
32
1017
907
114
1017
907
111
1017
907
111
1017
907
116
1017
907
115
1001
909
1
1001
908
0
1026
232
1017
907
120
1017
907
32
1017
907
61
1017
907
32
1001
909
2
1001
909
1
1006
1017
906
0
1001
909
0
1001
908
0
1026
445
1035
12
1001
909
1
1001
909
1
1005
1001
908
4
1001
909
0
1001
909
2
1005
1005
1004
1002
909
5
1001
909
5
1001
908
0
1027
302
1017
907
120
1017
907
32
1017
907
61
1017
907
32
1001
908
-1
1001
909
1
1005
1001
908
2
1001
909
0
1005
1006
1017
906
0
1001
909
5
1001
908
0
1024
334
1017
907
78
1017
907
111
1017
907
32
1017
907
114
1017
907
111
1017
907
111
1017
907
116
1017
907
115
1001
909
5
1001
908
0
1022
445
1017
907
120
1017
907
49
1017
907
32
1017
907
61
1017
907
32
1035
13
1001
909
1
1001
909
1
1005
1001
908
4
1001
909
0
1001
909
2
1005
1005
1004
1030
32
1002
909
6
1001
908
-1
1001
909
1
1005
1001
909
6
1003
1001
908
2
1001
909
0
1005
1006
1017
906
0
1017
907
10
1017
907
120
1017
907
50
1017
907
32
1017
907
61
1017
907
32
1001
908
-1
1001
909
1
1005
1001
909
6
1004
1001
908
2
1001
909
0
1005
1006
1017
906
0
1012
