1021
82
1009
1031
1002
901
0
1001
908
1
1001
901
0
1009
1006
1031
1007
1031
1008
1031
1034
1031
1034
1002
901
0
1034
1001
901
0
1006
1031
1010
1031
1032
1031
1032
1002
901
0
1001
908
3.14159
1001
908
2
1006
1001
901
0
1004
1031
1002
901
0
1001
901
0
1001
901
0
1001
901
0
1005
1001
908
1
1003
1010
1006
1032
1031
1001
908
2.71828
1011
1031
1011
1031
1033
1031
1035
3
1001
908
7
1002
909
0
1035
4
1001
908
7
1030
80
1002
909
1
1035
5
1001
908
1
1002
909
2
1001
909
0
1001
908
1
1022
147
1001
909
0
1001
909
2
1005
1002
909
2
1001
909
2
1017
906
0
1017
907
10
1001
909
0
1001
908
1
1004
1002
909
0
1021
108
1001
909
1
1017
906
0
1017
907
32
1001
909
2
1017
906
0
1017
907
32
1001
909
0
1017
906
0
1017
907
10
1017
907
10
1017
907
72
1017
907
101
1017
907
108
1017
907
108
1017
907
111
1017
907
44
1017
907
32
1017
907
105
1017
907
116
1017
907
39
1017
907
115
1017
907
32
1017
907
109
1017
907
121
1017
907
32
1017
907
102
1017
907
105
1017
907
114
1017
907
115
1017
907
116
1017
907
32
1017
907
99
1017
907
111
1017
907
109
1017
907
112
1017
907
105
1017
907
108
1017
907
101
1017
907
114
1017
907
46
1012
