-60 0.304811
-60 0.304811
-59.88 0.188603
-59.76 0.0696831
-59.64 -0.0502393
-59.52 -0.169439
-59.4 -0.286202
-59.28 -0.398848
-59.16 -0.505758
-59.04 -0.605394
-58.92 -0.696322
-58.8 -0.777236
-58.68 -0.84697
-58.56 -0.904523
-58.44 -0.949067
-58.32 -0.97996
-58.2 -0.996759
-58.08 -0.999221
-57.96 -0.987313
-57.84 -0.961203
-57.72 -0.92127
-57.6 -0.868085
-57.48 -0.802416
-57.36 -0.725205
-57.24 -0.637564
-57.12 -0.540753
-57 -0.436165
-56.88 -0.325303
-56.76 -0.209763
-56.64 -0.0912053
-56.52 0.0286638
-56.4 0.148121
-56.28 0.265447
-56.16 0.378956
-56.04 0.487014
-55.92 0.588068
-55.8 0.680663
-55.68 0.763469
-55.56 0.835294
-55.44 0.895105
-55.32 0.942043
-55.2 0.975431
-55.08 0.994789
-54.96 0.99984
-54.84 0.990511
-54.72 0.966935
-54.6 0.929452
-54.48 0.878601
-54.36 0.815113
-54.24 0.739902
-54.12 0.654049
-54 0.558789
-53.88 0.455492
-53.76 0.345644
-53.64 0.230824
-53.52 0.112685
-53.4 -0.00707505
-53.28 -0.126733
-53.16 -0.244569
-53.04 -0.358887
-52.92 -0.468043
-52.8 -0.570468
-52.68 -0.664687
-52.56 -0.749347
-52.44 -0.823229
-52.32 -0.88527
-52.2 -0.934579
-52.08 -0.970447
-51.96 -0.992356
-51.84 -0.999993
-51.72 -0.993247
-51.6 -0.972216
-51.48 -0.937201
-51.36 -0.888707
-51.24 -0.827431
-51.12 -0.754254
-51 -0.670229
-50.88 -0.576564
-50.76 -0.474607
-50.64 -0.365824
-50.52 -0.251779
-50.4 -0.134112
-50.28 -0.014517
-50.16 0.105287
-50.04 0.223577
-49.92 0.338651
-49.8 0.448854
-49.68 0.552602
-49.56 0.648401
-49.44 0.734875
-49.32 0.810779
-49.2 0.875023
-49.08 0.926681
-48.96 0.96501
-48.84 0.989461
-48.72 0.99968
-48.6 0.995521
-48.48 0.977043
-48.36 0.944513
-48.24 0.898399
-48.12 0.839363
-48 0.768255
-47.88 0.686097
-47.76 0.594071
-47.64 0.493501
-47.52 0.385833
-47.4 0.272615
-47.28 0.155477
-47.16 0.0361023
-47.04 -0.0837914
-46.92 -0.20248
-46.8 -0.318257
-46.68 -0.429456
-46.56 -0.534478
-46.44 -0.631813
-46.32 -0.720061
-46.2 -0.797952
-46.08 -0.864367
-45.96 -0.91835
-45.84 -0.959124
-45.72 -0.986103
-45.6 -0.9989
-45.48 -0.99733
-45.36 -0.981415
-45.24 -0.951385
-45.12 -0.907672
-45 -0.850904
-44.88 -0.781897
-44.76 -0.701644
-44.64 -0.611301
-44.52 -0.512164
-44.4 -0.405662
-44.28 -0.293325
-44.16 -0.176769
-44.04 -0.0576708
-43.92 0.0622569
-43.8 0.181289
-43.68 0.297714
-43.56 0.409857
-43.44 0.516105
-43.32 0.61493
-43.2 0.704911
-43.08 0.784753
-42.96 0.853308
-42.84 0.90959
-42.72 0.95279
-42.6 0.982287
-42.48 0.997655
-42.36 0.998674
-42.24 0.98533
-42.12 0.957814
-42 0.916522
-41.88 0.862047
-41.76 0.795175
-41.64 0.716865
-41.52 0.628245
-41.4 0.530589
-41.28 0.425302
-41.16 0.313898
-41.04 0.197979
-40.92 0.0792124
-40.8 -0.0406933
-40.68 -0.160014
-40.56 -0.277033
-40.44 -0.390067
-40.32 -0.497491
-40.2 -0.59776
-40.08 -0.689432
-39.96 -0.771188
-39.84 -0.841851
-39.72 -0.900407
-39.6 -0.946013
-39.48 -0.978012
-39.36 -0.995944
-39.24 -0.999553
-39.12 -0.988785
-39 -0.963795
-38.88 -0.924944
-38.76 -0.872789
-38.64 -0.808082
-38.52 -0.731751
-38.4 -0.644897
-38.28 -0.548767
-38.16 -0.444744
-38.04 -0.334324
-37.92 -0.219096
-37.8 -0.100717
-37.68 0.0191107
-37.56 0.138664
-37.44 0.256222
-37.32 0.370096
-37.2 0.478646
-37.08 0.580312
-36.96 0.673632
-36.84 0.757263
-36.72 0.830002
-36.6 0.890804
-36.48 0.938794
-36.36 0.973281
-36.24 0.99377
-36.12 0.999965
-36 0.991779
-35.88 0.969328
-35.76 0.932935
-35.64 0.883124
-35.52 0.820612
-35.4 0.746297
-35.28 0.661248
-35.16 0.566688
-35.04 0.463978
-34.92 0.354595
-34.8 0.240112
-34.68 0.122175
-34.56 0.00248081
-34.44 -0.117249
-34.32 -0.235292
-34.2 -0.349951
-34.08 -0.459577
-33.96 -0.562593
-33.84 -0.657518
-33.72 -0.742985
-33.6 -0.817766
-33.48 -0.880786
-33.36 -0.931137
-33.24 -0.968096
-33.12 -0.991132
-33 -0.999912
-32.88 -0.994311
-32.76 -0.974408
-32.64 -0.940491
-32.52 -0.893048
-32.4 -0.832759
-32.28 -0.760494
-32.16 -0.67729
-32.04 -0.584346
-31.92 -0.482996
-31.8 -0.3747
-31.68 -0.261015
-31.56 -0.143576
-31.44 -0.0240711
-31.32 0.0957795
-31.2 0.214253
-31.08 0.329644
-30.96 0.440294
-30.84 0.544612
-30.72 0.641097
-30.6 0.728361
-30.48 0.805149
-30.36 0.870357
-30.24 0.923047
-30.12 0.962461
-30 0.988032
-29.88 0.999392
-29.76 0.996379
-29.64 0.979034
-29.52 0.947609
-29.4 0.902555
-29.28 0.844519
-29.16 0.774337
-29.04 0.693017
-28.92 0.601731
-28.8 0.501789
-28.68 0.394631
-28.56 0.281797
-28.44 0.164909
-28.32 0.0456502
-28.2 -0.0742654
-28.08 -0.193113
-27.96 -0.309183
-27.84 -0.420806
-27.72 -0.526377
-27.6 -0.624377
-27.48 -0.713397
-27.36 -0.792156
-27.24 -0.859522
-27.12 -0.914526
-27 -0.956376
-26.88 -0.984471
-26.76 -0.998406
-26.64 -0.997982
-26.52 -0.983204
-26.4 -0.954285
-26.28 -0.911641
-26.16 -0.855885
-26.04 -0.787818
-25.92 -0.708421
-25.8 -0.618835
-25.68 -0.520348
-25.56 -0.414378
-25.44 -0.302447
-25.32 -0.186166
-25.2 -0.0672081
-25.08 0.0527168
-24.96 0.171883
-24.84 0.288578
-24.72 0.401122
-24.6 0.507897
-24.48 0.607366
-24.36 0.698101
-24.24 0.778794
-24.12 0.848287
-24 0.905578
-23.88 0.949845
-23.76 0.980451
-23.64 0.996955
-23.52 0.99912
-23.4 0.986916
-23.28 0.960516
-23.16 0.920302
-23.04 0.866851
-22.92 0.800933
-22.8 0.723495
-22.68 0.635651
-22.56 0.538665
-22.44 0.433931
-22.32 0.322956
-22.2 0.207336
-22.08 0.0887346
-21.96 -0.0311435
-21.84 -0.150574
-21.72 -0.267838
-21.6 -0.38125
-21.48 -0.489179
-21.36 -0.590072
-21.24 -0.682479
-21.12 -0.765069
-21 -0.836656
-20.88 -0.896209
-20.76 -0.942872
-20.64 -0.975974
-20.52 -0.995039
-20.4 -0.999793
-20.28 -0.990167
-20.16 -0.966299
-20.04 -0.928534
-19.92 -0.877414
-19.8 -0.813674
-19.68 -0.738231
-19.56 -0.65217
-19.44 -0.55673
-19.32 -0.453282
-19.2 -0.343315
-19.08 -0.22841
-18.96 -0.11022
-18.84 0.00955578
-18.72 0.129194
-18.6 0.246974
-18.48 0.361201
-18.36 0.470234
-18.24 0.572503
-18.12 0.666539
-18 0.750987
-17.88 0.824635
-17.76 0.886421
-17.64 0.935459
-17.52 0.971042
-17.4 0.992659
-17.28 0.999999
-17.16 0.992956
-17.04 0.971632
-16.92 0.936333
-16.8 0.887567
-16.68 0.826035
-16.56 0.752623
-16.44 0.668386
-16.32 0.574536
-16.2 0.472422
-16.08 0.363514
-15.96 0.249377
-15.84 0.131653
-15.72 0.0120364
-15.6 -0.107754
-15.48 -0.225994
-15.36 -0.340984
-15.24 -0.451069
-15.12 -0.554667
-15 -0.650288
-14.88 -0.736555
-14.76 -0.812229
-14.64 -0.876221
-14.52 -0.92761
-14.4 -0.965658
-14.28 -0.989817
-14.16 -0.999739
-14.04 -0.995283
-13.92 -0.976512
-13.8 -0.943696
-13.68 -0.897307
-13.56 -0.838012
-13.44 -0.766664
-13.32 -0.68429
-13.2 -0.592074
-13.08 -0.491342
-12.96 -0.383543
-12.84 -0.270228
-12.72 -0.153026
-12.6 -0.033623
-12.48 0.0862633
-12.36 0.204909
-12.24 0.320607
-12.12 0.431695
-12 0.536573
-11.88 0.633734
-11.76 0.72178
-11.64 0.799445
-11.52 0.865612
-11.4 0.919329
-11.28 0.959823
-11.16 0.986513
-11.04 0.999013
-10.92 0.997146
-10.8 0.980936
-10.68 0.950618
-10.56 0.906628
-10.44 0.849598
-10.32 0.780348
-10.2 0.699875
-10.08 0.609335
-9.96 0.510032
-9.84 0.403393
-9.72 0.290952
-9.6 0.174327
-9.48 0.055194
-9.36 -0.0647327
-9.24 -0.183728
-9.12 -0.300081
-9 -0.412118
-8.88 -0.518228
-8.76 -0.616884
-8.64 -0.706668
-8.52 -0.786288
-8.4 -0.854599
-8.28 -0.910618
-8.16 -0.953541
-8.04 -0.982748
-7.92 -0.997822
-7.8 -0.998543
-7.68 -0.984903
-7.56 -0.957098
-7.44 -0.915526
-7.32 -0.860787
-7.2 -0.793668
-7.08 -0.715133
-6.96 -0.626313
-6.84 -0.528485
-6.72 -0.423055
-6.6 -0.311541
-6.48 -0.195547
-6.36 -0.0767392
-6.24 0.0431719
-6.12 0.162462
-6 0.279415
-5.88 0.39235
-5.76 0.499642
-5.64 0.599747
-5.52 0.691227
-5.4 0.772764
-5.28 0.843188
-5.16 0.901484
-5.04 0.946814
-4.92 0.978526
-4.8 0.996165
-4.68 0.999476
-4.56 0.988411
-4.44 0.963131
-4.32 0.923998
-4.2 0.871576
-4.08 0.806618
-3.96 0.730058
-3.84 0.642999
-3.72 0.546691
-3.6 0.44252
-3.48 0.331985
-3.36 0.216675
-3.24 0.0982486
-3.12 -0.021591
-3 -0.14112
-2.88 -0.258619
-2.76 -0.372399
-2.64 -0.480823
-2.52 -0.582331
-2.4 -0.675463
-2.28 -0.758881
-2.16 -0.831383
-2.04 -0.891929
-1.92 -0.939645
-1.8 -0.973848
-1.68 -0.994043
-1.56 -0.999942
-1.44 -0.991458
-1.32 -0.968715
-1.2 -0.932039
-1.08 -0.881958
-0.96 -0.819192
-0.84 -0.744643
-0.72 -0.659385
-0.6 -0.564642
-0.48 -0.461779
-0.36 -0.352274
-0.24 -0.237703
-0.12 -0.119712
-5.09925e-013 -5.09925e-013
0.12 0.119712
0.24 0.237703
0.36 0.352274
0.48 0.461779
0.6 0.564642
0.72 0.659385
0.84 0.744643
0.96 0.819192
1.08 0.881958
1.2 0.932039
1.32 0.968715
1.44 0.991458
1.56 0.999942
1.68 0.994043
1.8 0.973848
1.92 0.939645
2.04 0.891929
2.16 0.831383
2.28 0.758881
2.4 0.675463
2.52 0.582331
2.64 0.480823
2.76 0.372399
2.88 0.258619
3 0.14112
3.12 0.021591
3.24 -0.0982486
3.36 -0.216675
3.48 -0.331985
3.6 -0.44252
3.72 -0.546691
3.84 -0.642999
3.96 -0.730058
4.08 -0.806618
4.2 -0.871576
4.32 -0.923998
4.44 -0.963131
4.56 -0.988411
4.68 -0.999476
4.8 -0.996165
4.92 -0.978526
5.04 -0.946814
5.16 -0.901484
5.28 -0.843188
5.4 -0.772764
5.52 -0.691227
5.64 -0.599747
5.76 -0.499642
5.88 -0.39235
6 -0.279415
6.12 -0.162462
6.24 -0.0431719
6.36 0.0767392
6.48 0.195547
6.6 0.311541
6.72 0.423055
6.84 0.528485
6.96 0.626313
7.08 0.715133
7.2 0.793668
7.32 0.860787
7.44 0.915526
7.56 0.957098
7.68 0.984903
7.8 0.998543
7.92 0.997822
8.04 0.982748
8.16 0.953541
8.28 0.910618
8.4 0.854599
8.52 0.786288
8.64 0.706668
8.76 0.616884
8.88 0.518228
9 0.412118
9.12 0.300081
9.24 0.183728
9.36 0.0647327
9.48 -0.055194
9.6 -0.174327
9.72 -0.290952
9.84 -0.403393
9.96 -0.510032
10.08 -0.609335
10.2 -0.699875
10.32 -0.780348
10.44 -0.849598
10.56 -0.906628
10.68 -0.950618
10.8 -0.980936
10.92 -0.997146
11.04 -0.999013
11.16 -0.986513
11.28 -0.959823
11.4 -0.919329
11.52 -0.865612
11.64 -0.799445
11.76 -0.72178
11.88 -0.633734
12 -0.536573
12.12 -0.431695
12.24 -0.320607
12.36 -0.204909
12.48 -0.0862633
12.6 0.033623
12.72 0.153026
12.84 0.270228
12.96 0.383543
13.08 0.491342
13.2 0.592074
13.32 0.68429
13.44 0.766664
13.56 0.838012
13.68 0.897307
13.8 0.943696
13.92 0.976512
14.04 0.995283
14.16 0.999739
14.28 0.989817
14.4 0.965658
14.52 0.92761
14.64 0.876221
14.76 0.812229
14.88 0.736555
15 0.650288
15.12 0.554667
15.24 0.451069
15.36 0.340984
15.48 0.225994
15.6 0.107754
15.72 -0.0120364
15.84 -0.131653
15.96 -0.249377
16.08 -0.363514
16.2 -0.472422
16.32 -0.574536
16.44 -0.668386
16.56 -0.752623
16.68 -0.826035
16.8 -0.887567
16.92 -0.936333
17.04 -0.971632
17.16 -0.992956
17.28 -0.999999
17.4 -0.992659
17.52 -0.971042
17.64 -0.935459
17.76 -0.886421
17.88 -0.824635
18 -0.750987
18.12 -0.666539
18.24 -0.572503
18.36 -0.470234
18.48 -0.361201
18.6 -0.246974
18.72 -0.129194
18.84 -0.00955578
18.96 0.11022
19.08 0.22841
19.2 0.343315
19.32 0.453282
19.44 0.55673
19.56 0.65217
19.68 0.738231
19.8 0.813674
19.92 0.877414
20.04 0.928534
20.16 0.966299
20.28 0.990167
20.4 0.999793
20.52 0.995039
20.64 0.975974
20.76 0.942872
20.88 0.896209
21 0.836656
21.12 0.765069
21.24 0.682479
21.36 0.590072
21.48 0.489179
21.6 0.38125
21.72 0.267838
21.84 0.150574
21.96 0.0311435
22.08 -0.0887346
22.2 -0.207336
22.32 -0.322956
22.44 -0.433931
22.56 -0.538665
22.68 -0.635651
22.8 -0.723495
22.92 -0.800933
23.04 -0.866851
23.16 -0.920302
23.28 -0.960516
23.4 -0.986916
23.52 -0.99912
23.64 -0.996955
23.76 -0.980451
23.88 -0.949845
24 -0.905578
24.12 -0.848287
24.24 -0.778794
24.36 -0.698101
24.48 -0.607366
24.6 -0.507897
24.72 -0.401122
24.84 -0.288578
24.96 -0.171883
25.08 -0.0527168
25.2 0.0672081
25.32 0.186166
25.44 0.302447
25.56 0.414378
25.68 0.520348
25.8 0.618835
25.92 0.708421
26.04 0.787818
26.16 0.855885
26.28 0.911641
26.4 0.954285
26.52 0.983204
26.64 0.997982
26.76 0.998406
26.88 0.984471
27 0.956376
27.12 0.914526
27.24 0.859522
27.36 0.792156
27.48 0.713397
27.6 0.624377
27.72 0.526377
27.84 0.420806
27.96 0.309183
28.08 0.193113
28.2 0.0742654
28.32 -0.0456502
28.44 -0.164909
28.56 -0.281797
28.68 -0.394631
28.8 -0.501789
28.92 -0.601731
29.04 -0.693017
29.16 -0.774337
29.28 -0.844519
29.4 -0.902555
29.52 -0.947609
29.64 -0.979034
29.76 -0.996379
29.88 -0.999392
30 -0.988032
30.12 -0.962461
30.24 -0.923047
30.36 -0.870357
30.48 -0.805149
30.6 -0.728361
30.72 -0.641097
30.84 -0.544612
30.96 -0.440294
31.08 -0.329644
31.2 -0.214253
31.32 -0.0957795
31.44 0.0240711
31.56 0.143576
31.68 0.261015
31.8 0.3747
31.92 0.482996
32.04 0.584346
32.16 0.67729
32.28 0.760494
32.4 0.832759
32.52 0.893048
32.64 0.940491
32.76 0.974408
32.88 0.994311
33 0.999912
33.12 0.991132
33.24 0.968096
33.36 0.931137
33.48 0.880786
33.6 0.817766
33.72 0.742985
33.84 0.657518
33.96  0.931137
33.48 0.880786
33.6 0.817766
33.72 0.742985
33.84 0.657518
33.96 0.562593
34.08 0.459577
34.2 0.349951
34.32 0.235292
34.44 0.117249
34.56 -0.00248081
34.68 -0.122175
34.8 -0.240112
34.92 -0.354595
35.04 -0.463978
35.16 -0.566688
35.28 -0.661248
35.4 -0.746297
35.52 -0.820612
35.64 -0.883124
35.76 -0.932935
35.88 -0.969328
36 -0.991779
36.12 -0.999965
36.24 -0.99377
36.36 -0.973281
36.48 -0.938794
36.6 -0.890804
36.72 -0.830002
36.84 -0.757263
36.96 -0.673632
37.08 -0.580312
37.2 -0.478646
37.32 -0.370096
37.44 -0.256222
37.56 -0.138664
37.68 -0.0191107
37.8 0.100717
37.92 0.219096
38.04 0.334324
38.16 0.444744
38.28 0.548767
38.4 0.644897
38.52 0.731751
38.64 0.808082
38.76 0.872789
38.88 0.924944
39 0.963795
39.12 0.988785
39.24 0.999553
39.36 0.995944
39.48 0.978012
39.6 0.946013
39.72 0.900407
39.84 0.841851
39.96 0.771188
40.08 0.689432
40.2 0.59776
40.32 0.497491
40.44 0.390067
40.56 0.277033
40.68 0.160014
40.8 0.0406933
40.92 -0.0792124
41.04 -0.197979
41.16 -0.313898
41.28 -0.425302
41.4 -0.530589
41.52 -0.628245
41.64 -0.716865
41.76 -0.795175
41.88 -0.862047
42 -0.916522
42.12 -0.957814
42.24 -0.98533
42.36 -0.998674
42.48 -0.997655
42.6 -0.982287
42.72 -0.95279
42.84 -0.90959
42.96 -0.853308
43.08 -0.784753
43.2 -0.704911
43.32 -0.61493
43.44 -0.516105
43.56 -0.409857
43.68 -0.297714
43.8 -0.181289
43.92 -0.0622569
44.04 0.0576708
44.16 0.176769
44.28 0.293325
44.4 0.405662
44.52 0.512164
44.64 0.611301
44.76 0.701644
44.88 0.781897
45 0.850904
45.12 0.907672
45.24 0.951385
45.36 0.981415
45.48 0.99733
45.6 0.9989
45.72 0.986103
45.84 0.959124
45.96 0.91835
46.08 0.864367
46.2 0.797952
46.32 0.720061
46.44 0.631813
46.56 0.534478
46.68 0.429456
46.8 0.318257
46.92 0.20248
47.04 0.0837914
47.16 -0.0361023
47.28 -0.155477
47.4 -0.272615
47.52 -0.385833
47.64 -0.493501
47.76 -0.594071
47.88 -0.686097
48 -0.768255
48.12 -0.839363
48.24 -0.898399
48.36 -0.944513
48.48 -0.977043
48.6 -0.995521
48.72 -0.99968
48.84 -0.989461
48.96 -0.96501
49.08 -0.926681
49.2 -0.875023
49.32 -0.810779
49.44 -0.734875
49.56 -0.648401
49.68 -0.552602
49.8 -0.448854
49.92 -0.338651
50.04 -0.223577
50.16 -0.105287
50.28 0.014517
50.4 0.134112
50.52 0.251779
50.64 0.365824
50.76 0.474607
50.88 0.576564
51 0.670229
51.12 0.754254
51.24 0.827431
51.36 0.888707
51.48 0.937201
51.6 0.972216
51.72 0.993247
51.84 0.999993
51.96 0.992356
52.08 0.970447
52.2 0.934579
52.32 0.88527
52.44 0.823229
52.56 0.749347
52.68 0.664687
52.8 0.570468
52.92 0.468043
53.04 0.358887
53.16 0.244569
53.28 0.126733
53.4 0.00707505
53.52 -0.112685
53.64 -0.230824
53.76 -0.345644
53.88 -0.455492
54 -0.558789
54.12 -0.654049
54.24 -0.739902
54.36 -0.815113
54.48 -0.878601
54.6 -0.929452
54.72 -0.966935
54.84 -0.990511
54.96 -0.99984
55.08 -0.994789
55.2 -0.975431
55.32 -0.942043
55.44 -0.895105
55.56 -0.835294
55.68 -0.763469
55.8 -0.680663
55.92 -0.588068
56.04 -0.487014
56.16 -0.378956
56.28 -0.265447
56.4 -0.148121
56.52 -0.0286638
56.64 0.0912053
56.76 0.209763
56.88 0.325303
57 0.436165
57.12 0.540753
57.24 0.637564
57.36 0.725205
57.48 0.802416
57.6 0.868085
57.72 0.92127
57.84 0.961203
57.96 0.987313
58.08 0.999221
58.2 0.996759
58.32 0.97996
58.44 0.949067
58.56 0.904523
58.68 0.84697
58.8 0.777236
58.92 0.696322
59.04 0.605394
59.16 0.505758
59.28 0.398848
59.4 0.286202
59.52 0.169439
59.64 0.0502393
59.76 -0.0696831
59.88 -0.188603
60 -0.304811

End of values table